63488   0 65535
61440   0 65535
59392   0 65535
57344   0 65535
55296   0 65535
53248   0 65535
51200   0 65535
49152   0 65535
47104   0 65535
45056   0 65535
43008   0 65535
40960   0 65535
38912   0 65535
36864   0 65535
34816   0 65535
32768   0 65535
30720   0 65535
28672   0 65535
26624   0 65535
24576   0 65535
22528   0 65535
20480   0 65535
18432   0 65535
16384   0 65535
14336   0 65535
12288   0 65535
10240   0 65535
8192   0 65535
6144   0 65535
4096   0 65535
2048   0 65535
  0   0 65535
  0 2048 63488
  0 4096 61440
  0 6144 59392
  0 8192 57344
  0 10240 55296
  0 12288 53248
  0 14336 51200
  0 16384 49152
  0 18432 47104
  0 20480 45056
  0 22528 43008
  0 24576 40960
  0 26624 38912
  0 28672 36864
  0 30720 34816
  0 32768 32768
  0 34816 30720
  0 36864 28672
  0 38912 26624
  0 40960 24576
  0 43008 22528
  0 45056 20480
  0 47104 18432
  0 49152 16384
  0 51200 14336
  0 53248 12288
  0 55296 10240
  0 57344 8192
  0 59392 6144
  0 61440 4096
  0 63488 2048
  0 65535   0
2048 65535   0
4096 65535   0
6144 65535   0
8192 65535   0
10240 65535   0
12288 65535   0
14336 65535   0
16384 65535   0
18432 65535   0
20480 65535   0
22528 65535   0
24576 65535   0
26624 65535   0
28672 65535   0
30720 65535   0
32768 65535   0
34816 65535   0
36864 65535   0
38912 65535   0
40960 65535   0
43008 65535   0
45056 65535   0
47104 65535   0
49152 65535   0
51200 65535   0
53248 65535   0
55296 65535   0
57344 65535   0
59392 65535   0
61440 65535   0
63488 65535   0
65535 65535   0
65535 63488   0
65535 61440   0
65535 59392   0
65535 57344   0
65535 55296   0
65535 53248   0
65535 51200   0
65535 49152   0
65535 47104   0
65535 45056   0
65535 43008   0
65535 40960   0
65535 38912   0
65535 36864   0
65535 34816   0
65535 32768   0
65535 30720   0
65535 28672   0
65535 26624   0
65535 24576   0
65535 22528   0
65535 20480   0
65535 18432   0
65535 16384   0
65535 14336   0
65535 12288   0
65535 10240   0
65535 8192   0
65535 6144   0
65535 4096   0
65535 2048   0
65535 0   0
