0 0.00623609 
0.05 0.0069175 
0.1 0.00753022 
0.15 0.00807845 
0.2 0.00856621 
0.25 0.00899732 
0.3 0.00937546 
0.35 0.00970412 
0.4 0.00998665 
0.45 0.0102262 
0.5 0.0104259 
0.55 0.0105885 
0.6 0.0107168 
0.65 0.0108134 
0.7 0.0108808 
0.75 0.0109212 
0.8 0.010937 
0.85 0.0109302 
0.9 0.0109028 
0.95 0.0108567 
1 0.0107935 
1.05 0.0107151 
1.1 0.0106228 
1.15 0.0105183 
1.2 0.0104028 
1.25 0.0102777 
1.3 0.0101441 
1.35 0.0100032 
1.4 0.00985599 
1.45 0.00970349 
1.5 0.0095466 
1.55 0.00938614 
1.6 0.00922291 
1.65 0.0090576 
1.7 0.00889089 
1.75 0.00872339 
1.8 0.00855564 
1.85 0.00838817 
1.9 0.00822143 
1.95 0.00805585 
2 0.00789182 
2.05 0.00772967 
2.1 0.00756971 
2.15 0.00741222 
2.2 0.00725745 
2.25 0.00710561 
2.3 0.00695689 
2.35 0.00681145 
2.4 0.00666943 
2.45 0.00653095 
2.5 0.0063961 
2.55 0.00626496 
2.6 0.00613759 
2.65 0.00601404 
2.7 0.00589433 
2.75 0.00577847 
2.8 0.00566647 
2.85 0.00555832 
2.9 0.005454 
2.95 0.00535349 
3 0.00525673 
3.05 0.00516369 
3.1 0.00507432 
3.15 0.00498855 
3.2 0.00490632 
3.25 0.00482757 
3.3 0.00475222 
3.35 0.00468019 
3.4 0.0046114 
3.45 0.00454578 
3.5 0.00448324 
3.55 0.00442368 
3.6 0.00436703 
3.65 0.0043132 
3.7 0.00426209 
3.75 0.00421363 
3.8 0.00416771 
3.85 0.00412426 
3.9 0.00408318 
3.95 0.00404438 
4 0.00400779 
4.05 0.00397331 
4.1 0.00394086 
4.15 0.00391036 
4.2 0.00388172 
4.25 0.00385488 
4.3 0.00382974 
4.35 0.00380624 
4.4 0.0037843 
4.45 0.00376384 
4.5 0.0037448 
4.55 0.00372712 
4.6 0.00371071 
4.65 0.00369552 
4.7 0.00368149 
4.75 0.00366856 
4.8 0.00365666 
4.85 0.00364575 
4.9 0.00363576 
4.95 0.00362665 
5 0.00361836 
5.05 0.00361086 
5.1 0.00360408 
5.15 0.00359799 
5.2 0.00359255 
5.25 0.00358771 
5.3 0.00358344 
5.35 0.0035797 
5.4 0.00357645 
5.45 0.00357365 
5.5 0.00357129 
5.55 0.00356932 
5.6 0.00356772 
5.65 0.00356646 
5.7 0.00356551 
5.75 0.00356485 
5.8 0.00356446 
5.85 0.00356431 
5.9 0.00356438 
5.95 0.00356466 
6 0.00356511 
6.05 0.00356574 
6.1 0.00356651 
6.15 0.00356742 
6.2 0.00356844 
6.25 0.00356957 
6.3 0.0035708 
6.35 0.0035721 
6.4 0.00357348 
6.45 0.00357492 
6.5 0.0035764 
6.55 0.00357793 
6.6 0.00357949 
6.65 0.00358107 
6.7 0.00358267 
6.75 0.00358428 
6.8 0.0035859 
6.85 0.00358752 
6.9 0.00358914 
6.95 0.00359074 
7 0.00359233 
7.05 0.00359391 
7.1 0.00359546 
7.15 0.00359699 
7.2 0.0035985 
7.25 0.00359997 
7.3 0.00360142 
7.35 0.00360283 
7.4 0.00360421 
7.45 0.00360555 
7.5 0.00360686 
7.55 0.00360813 
7.6 0.00360937 
7.65 0.00361056 
7.7 0.00361172 
7.75 0.00361283 
7.8 0.00361391 
7.85 0.00361495 
7.9 0.00361595 
7.95 0.00361691 
8 0.00361784 
8.05 0.00361872 
8.1 0.00361957 
8.15 0.00362038 
8.2 0.00362116 
8.25 0.0036219 
8.3 0.00362261 
8.35 0.00362328 
8.4 0.00362392 
8.45 0.00362452 
8.5 0.0036251 
8.55 0.00362564 
8.6 0.00362616 
8.65 0.00362664 
8.7 0.0036271 
8.75 0.00362753 
8.8 0.00362794 
8.85 0.00362832 
8.9 0.00362867 
8.95 0.003629 
9 0.00362931 
9.05 0.0036296 
9.1 0.00362987 
9.15 0.00363011 
9.2 0.00363034 
9.25 0.00363055 
9.3 0.00363074 
9.35 0.00363092 
9.4 0.00363107 
9.45 0.00363122 
9.5 0.00363135 
9.55 0.00363146 
9.6 0.00363157 
9.65 0.00363166 
9.7 0.00363173 
9.75 0.0036318 
9.8 0.00363186 
9.85 0.00363191 
9.9 0.00363194 
9.95 0.00363197 
10 0.00363199 
10.05 14.7633 
10.1 16.9012 
10.15 20.9279 
10.2 28.4065 
10.25 42.9492 
10.3 68.7341 
10.35 94.5061 
10.4 104.94 
10.45 107.832 
10.5 108.507 
10.55 108.325 
10.6 107.673 
10.65 106.692 
10.7 105.444 
10.75 103.967 
10.8 102.29 
10.85 100.435 
10.9 98.4276 
10.95 96.2889 
11 94.0407 
11.05 91.7033 
11.1 89.2956 
11.15 86.8348 
11.2 84.3364 
11.25 81.8137 
11.3 79.2786 
11.35 76.7409 
11.4 74.209 
11.45 71.6896 
11.5 69.188 
11.55 66.7083 
11.6 64.2535 
11.65 61.8256 
11.7 59.4255 
11.75 57.0538 
11.8 54.7098 
11.85 52.3925 
11.9 50.1 
11.95 47.8298 
12 45.578 
12.05 43.3399 
12.1 41.1091 
12.15 38.8771 
12.2 36.6326 
12.25 34.3611 
12.3 32.0435 
12.35 29.6552 
12.4 27.1648 
12.45 24.5327 
12.5 21.7101 
12.55 18.6399 
12.6 15.2615 
12.65 11.5258 
12.7 7.43006 
12.75 3.08435 
12.8 -1.20515 
12.85 -4.93054 
12.9 -7.61356 
12.95 -9.16644 
13 -9.90312 
13.05 -10.2015 
13.1 -10.302 
13.15 -10.3195 
13.2 -10.3025 
13.25 -10.2708 
13.3 -10.2322 
13.35 -10.19 
13.4 -10.1457 
13.45 -10.0998 
13.5 -10.0527 
13.55 -10.0043 
13.6 -9.95487 
13.65 -9.90434 
13.7 -9.85274 
13.75 -9.80007 
13.8 -9.74633 
13.85 -9.69152 
13.9 -9.63563 
13.95 -9.57864 
14 -9.52056 
14.05 -9.46138 
14.1 -9.40108 
14.15 -9.33966 
14.2 -9.27712 
14.25 -9.21344 
14.3 -9.14862 
14.35 -9.08266 
14.4 -9.01554 
14.45 -8.94727 
14.5 -8.87784 
14.55 -8.80724 
14.6 -8.73547 
14.65 -8.66254 
14.7 -8.58844 
14.75 -8.51316 
14.8 -8.43672 
14.85 -8.3591 
14.9 -8.28032 
14.95 -8.20037 
15 -8.11926 
15.05 -8.03699 
15.1 -7.95357 
15.15 -7.86901 
15.2 -7.78331 
15.25 -7.69647 
15.3 -7.60852 
15.35 -7.51945 
15.4 -7.42929 
15.45 -7.33804 
15.5 -7.24571 
15.55 -7.15232 
15.6 -7.05789 
15.65 -6.96243 
15.7 -6.86595 
15.75 -6.76848 
15.8 -6.67003 
15.85 -6.57063 
15.9 -6.47029 
15.95 -6.36904 
16 -6.2669 
16.05 -6.16389 
16.1 -6.06003 
16.15 -5.95536 
16.2 -5.8499 
16.25 -5.74366 
16.3 -5.63669 
16.35 -5.52901 
16.4 -5.42065 
16.45 -5.31163 
16.5 -5.20198 
16.55 -5.09175 
16.6 -4.98095 
16.65 -4.86962 
16.7 -4.75778 
16.75 -4.64548 
16.8 -4.53274 
16.85 -4.41959 
16.9 -4.30607 
16.95 -4.19221 
17 -4.07803 
17.05 -3.96358 
17.1 -3.84888 
17.15 -3.73397 
17.2 -3.61887 
17.25 -3.50362 
17.3 -3.38826 
17.35 -3.27279 
17.4 -3.15727 
17.45 -3.04172 
17.5 -2.92616 
17.55 -2.81063 
17.6 -2.69515 
17.65 -2.57975 
17.7 -2.46446 
17.75 -2.34929 
17.8 -2.23428 
17.85 -2.11945 
17.9 -2.00483 
17.95 -1.89042 
18 -1.77626 
18.05 -1.66236 
18.1 -1.54875 
18.15 -1.43544 
18.2 -1.32244 
18.25 -1.20978 
18.3 -1.09746 
18.35 -0.985512 
18.4 -0.873933 
18.45 -0.762741 
18.5 -0.651945 
18.55 -0.541555 
18.6 -0.431578 
18.65 -0.322023 
18.7 -0.212895 
18.75 -0.1042 
18.8 0.00405948 
18.85 0.11188 
18.9 0.219259 
18.95 0.326196 
19 0.432692 
19.05 0.538749 
19.1 0.644367 
19.15 0.749551 
19.2 0.854306 
19.25 0.958636 
19.3 1.06255 
19.35 1.16605 
19.4 1.26916 
19.45 1.37187 
19.5 1.4742 
19.55 1.57616 
19.6 1.67777 
19.65 1.77904 
19.7 1.87998 
19.75 1.98062 
19.8 2.08097 
19.85 2.18104 
19.9 2.28087 
19.95 2.38047 
20 2.47987 
20.05 2.5791 
20.1 2.67817 
20.15 2.77713 
20.2 2.876 
20.25 2.97481 
20.3 3.07361 
20.35 3.17243 
20.4 3.27131 
20.45 3.37031 
20.5 3.46946 
20.55 3.56882 
20.6 3.66845 
20.65 3.76841 
20.7 3.86877 
20.75 3.96961 
20.8 4.07099 
20.85 4.17301 
20.9 4.27577 
20.95 4.37938 
21 4.48395 
21.05 4.58961 
21.1 4.69651 
21.15 4.80482 
21.2 4.91471 
21.25 5.02639 
21.3 5.1401 
21.35 5.25611 
21.4 5.3747 
21.45 5.49624 
21.5 5.62111 
21.55 5.74978 
21.6 5.88278 
21.65 6.02074 
21.7 6.16441 
21.75 6.31465 
21.8 6.47251 
21.85 6.63924 
21.9 6.81637 
21.95 7.00576 
22 7.2097 
22.05 7.43105 
22.1 7.67344 
22.15 7.94147 
22.2 8.24111 
22.25 8.5802 
22.3 8.96925 
22.35 9.42254 
22.4 9.95997 
22.45 10.6099 
22.5 11.414 
22.55 12.435 
22.6 13.7714 
22.65 15.5832 
22.7 18.1414 
22.75 21.9215 
22.8 27.7704 
22.85 37.1085 
22.9 51.6132 
22.95 70.4301 
23 86.6774 
23.05 95.5482 
23.1 99.266 
23.15 100.469 
23.2 100.4 
23.25 99.5878 
23.3 98.2819 
23.35 96.6181 
23.4 94.6822 
23.45 92.5362 
23.5 90.2284 
23.55 87.7982 
23.6 85.2786 
23.65 82.6971 
23.7 80.0765 
23.75 77.4356 
23.8 74.7895 
23.85 72.1503 
23.9 69.5274 
23.95 66.9279 
24 64.3568 
24.05 61.8176 
24.1 59.3125 
24.15 56.8422 
24.2 54.4067 
24.25 52.0049 
24.3 49.6347 
24.35 47.2933 
24.4 44.9764 
24.45 42.6786 
24.5 40.3927 
24.55 38.1089 
24.6 35.8146 
24.65 33.4936 
24.7 31.1245 
24.75 28.68 
24.8 26.1259 
24.85 23.4191 
24.9 20.5081 
24.95 17.3344 
25 13.8407 
25.05 9.99149 
25.1 5.81829 
25.15 1.49362 
25.2 -2.60108 
25.25 -5.94281 
25.3 -8.17477 
25.35 -9.37878 
25.4 -9.92053 
25.45 -10.1293 
25.5 -10.1914 
25.55 -10.1919 
25.6 -10.1663 
25.65 -10.1293 
25.7 -10.0867 
25.75 -10.0411 
25.8 -9.99345 
25.85 -9.94431 
25.9 -9.89388 
25.95 -9.84227 
26 -9.78952 
26.05 -9.73566 
26.1 -9.6807 
26.15 -9.62465 
26.2 -9.56748 
26.25 -9.50922 
26.3 -9.44984 
26.35 -9.38934 
26.4 -9.32772 
26.45 -9.26497 
26.5 -9.20108 
26.55 -9.13605 
26.6 -9.06987 
26.65 -9.00254 
26.7 -8.93405 
26.75 -8.8644 
26.8 -8.79359 
26.85 -8.72161 
26.9 -8.64846 
26.95 -8.57414 
27 -8.49865 
27.05 -8.42199 
27.1 -8.34416 
27.15 -8.26516 
27.2 -8.185 
27.25 -8.10368 
27.3 -8.0212 
27.35 -7.93757 
27.4 -7.85281 
27.45 -7.7669 
27.5 -7.67987 
27.55 -7.59172 
27.6 -7.50246 
27.65 -7.4121 
27.7 -7.32066 
27.75 -7.22815 
27.8 -7.13458 
27.85 -7.03998 
27.9 -6.94434 
27.95 -6.8477 
28 -6.75007 
28.05 -6.65147 
28.1 -6.55192 
28.15 -6.45143 
28.2 -6.35004 
28.25 -6.24777 
28.3 -6.14463 
28.35 -6.04066 
28.4 -5.93588 
28.45 -5.83031 
28.5 -5.72398 
28.55 -5.61692 
28.6 -5.50916 
28.65 -5.40073 
28.7 -5.29165 
28.75 -5.18195 
28.8 -5.07167 
28.85 -4.96083 
28.9 -4.84948 
28.95 -4.73763 
29 -4.62532 
29.05 -4.51258 
29.1 -4.39945 
29.15 -4.28596 
29.2 -4.17213 
29.25 -4.058 
29.3 -3.94361 
29.35 -3.82898 
29.4 -3.71415 
29.45 -3.59914 
29.5 -3.484 
29.55 -3.36875 
29.6 -3.25342 
29.65 -3.13803 
29.7 -3.02263 
29.75 -2.90724 
29.8 -2.79189 
29.85 -2.6766 
29.9 -2.5614 
29.95 -2.44633 
30 -2.33139 
30.05 -2.21663 
30.1 -2.10205 
30.15 -1.98769 
30.2 -1.87357 
30.25 -1.75971 
30.3 -1.64612 
30.35 -1.53283 
30.4 -1.41986 
30.45 -1.30722 
30.5 -1.19492 
30.55 -1.08299 
30.6 -0.971435 
30.65 -0.860269 
30.7 -0.749505 
30.75 -0.639152 
30.8 -0.529221 
30.85 -0.41972 
30.9 -0.310657 
30.95 -0.202038 
31 -0.0938677 
31.05 0.0138486 
31.1 0.121108 
31.15 0.227908 
31.2 0.334248 
31.25 0.440127 
31.3 0.545546 
31.35 0.650507 
31.4 0.755013 
31.45 0.859067 
31.5 0.962676 
31.55 1.06584 
31.6 1.16858 
31.65 1.27088 
31.7 1.37278 
31.75 1.47426 
31.8 1.57535 
31.85 1.67605 
31.9 1.77638 
31.95 1.87636 
32 1.97599 
32.05 2.0753 
32.1 2.1743 
32.15 2.27301 
32.2 2.37146 
32.25 2.46965 
32.3 2.56763 
32.35 2.6654 
32.4 2.763 
32.45 2.86046 
32.5 2.95781 
32.55 3.05507 
32.6 3.15228 
32.65 3.24949 
32.7 3.34672 
32.75 3.44403 
32.8 3.54145 
32.85 3.63905 
32.9 3.73686 
32.95 3.83495 
33 3.93338 
33.05 4.03222 
33.1 4.13155 
33.15 4.23144 
33.2 4.33199 
33.25 4.4333 
33.3 4.53546 
33.35 4.63861 
33.4 4.74288 
33.45 4.84841 
33.5 4.95538 
33.55 5.06396 
33.6 5.17438 
33.65 5.28686 
33.7 5.40169 
33.75 5.51917 
33.8 5.63966 
33.85 5.76357 
33.9 5.89136 
33.95 6.02361 
34 6.16095 
34.05 6.30415 
34.1 6.45411 
34.15 6.61194 
34.2 6.77892 
34.25 6.95665 
34.3 7.14708 
34.35 7.3526 
34.4 7.57623 
34.45 7.82177 
34.5 8.09407 
34.55 8.39947 
34.6 8.74628 
34.65 9.14567 
34.7 9.61293 
34.75 10.1694 
34.8 10.8457 
34.85 11.6868 
34.9 12.7614 
34.95 14.1772 
35 16.1109 
35.05 18.8629 
35.1 22.9621 
35.15 29.3432 
35.2 39.5148 
35.25 54.9595 
35.3 73.7764 
35.35 88.6282 
35.4 96.2737 
35.45 99.3887 
35.5 100.3 
35.55 100.064 
35.6 99.1379 
35.65 97.7452 
35.7 96.0106 
35.75 94.0155 
35.8 91.8196 
35.85 89.47 
35.9 87.0053 
35.95 84.4578 
36 81.8542 
36.05 79.2168 
36.1 76.5635 
36.15 73.909 
36.2 71.2647 
36.25 68.6394 
36.3 66.0396 
36.35 63.4701 
36.4 60.9339 
36.45 58.4327 
36.5 55.967 
36.55 53.5364 
36.6 51.1394 
36.65 48.7738 
36.7 46.4361 
36.75 44.1217 
36.8 41.8246 
36.85 39.5365 
36.9 37.2468 
36.95 34.9416 
37 32.6026 
37.05 30.2066 
37.1 27.7236 
37.15 25.1163 
37.2 22.3384 
37.25 19.3352 
37.3 16.0475 
37.35 12.4228 
37.4 8.44423 
37.45 4.1866 
37.5 -0.103436 
37.55 -3.97101 
37.6 -6.91156 
37.65 -8.72182 
37.7 -9.62961 
37.75 -10.0151 
37.8 -10.1537 
37.85 -10.186 
37.9 -10.174 
37.95 -10.1429 
38 -10.1031 
38.05 -10.059 
38.1 -10.0123 
38.15 -9.96387 
38.2 -9.914 
38.25 -9.86288 
38.3 -9.8106 
38.35 -9.7572 
38.4 -9.70269 
38.45 -9.64707 
38.5 -9.59035 
38.55 -9.53253 
38.6 -9.4736 
38.65 -9.41355 
38.7 -9.35238 
38.75 -9.29008 
38.8 -9.22665 
38.85 -9.16207 
38.9 -9.09635 
38.95 -9.02948 
39 -8.96146 
39.05 -8.89227 
39.1 -8.82192 
39.15 -8.7504 
39.2 -8.67772 
39.25 -8.60386 
39.3 -8.52884 
39.35 -8.45265 
39.4 -8.37528 
39.45 -8.29675 
39.5 -8.21705 
39.55 -8.13619 
39.6 -8.05418 
39.65 -7.97101 
39.7 -7.88669 
39.75 -7.80124 
39.8 -7.71466 
39.85 -7.62695 
39.9 -7.53813 
39.95 -7.44822 
40 -7.35721 
40.05 -7.26512 
40.1 -7.17198 
40.15 -7.07778 
40.2 -6.98256 
40.25 -6.88632 
40.3 -6.78908 
40.35 -6.69086 
40.4 -6.59169 
40.45 -6.49158 
40.5 -6.39055 
40.55 -6.28863 
40.6 -6.18583 
40.65 -6.0822 
40.7 -5.97774 
40.75 -5.87248 
40.8 -5.76645 
40.85 -5.65969 
40.9 -5.55221 
40.95 -5.44404 
41 -5.33522 
41.05 -5.22577 
41.1 -5.11572 
41.15 -5.00511 
41.2 -4.89396 
41.25 -4.78231 
41.3 -4.67019 
41.35 -4.55762 
41.4 -4.44465 
41.45 -4.3313 
41.5 -4.21761 
41.55 -4.10361 
41.6 -3.98933 
41.65 -3.8748 
41.7 -3.76005 
41.75 -3.64512 
41.8 -3.53004 
41.85 -3.41484 
41.9 -3.29955 
41.95 -3.18419 
42 -3.06881 
42.05 -2.95342 
42.1 -2.83806 
42.15 -2.72276 
42.2 -2.60754 
42.25 -2.49242 
42.3 -2.37744 
42.35 -2.26262 
42.4 -2.14799 
42.45 -2.03356 
42.5 -1.91936 
42.55 -1.80541 
42.6 -1.69173 
42.65 -1.57834 
42.7 -1.46526 
42.75 -1.35251 
42.8 -1.2401 
42.85 -1.12804 
42.9 -1.01636 
42.95 -0.905067 
43 -0.794169 
43.05 -0.68368 
43.1 -0.573609 
43.15 -0.463967 
43.2 -0.35476 
43.25 -0.245997 
43.3 -0.137681 
43.35 -0.0298195 
43.4 0.0775851 
43.45 0.18453 
43.5 0.291013 
43.55 0.397034 
43.6 0.502594 
43.65 0.607692 
43.7 0.712333 
43.75 0.816519 
43.8 0.920255 
43.85 1.02355 
43.9 1.1264 
43.95 1.22882 
44 1.33082 
44.05 1.4324 
44.1 1.53358 
44.15 1.63437 
44.2 1.73478 
44.25 1.83483 
44.3 1.93453 
44.35 2.03389 
44.4 2.13293 
44.45 2.23167 
44.5 2.33013 
44.55 2.42834 
44.6 2.5263 
44.65 2.62406 
44.7 2.72162 
44.75 2.81903 
44.8 2.9163 
44.85 3.01348 
44.9 3.11059 
44.95 3.20766 
45 3.30475 
45.05 3.40188 
45.1 3.4991 
45.15 3.59646 
45.2 3.69401 
45.25 3.79181 
45.3 3.88991 
45.35 3.98839 
45.4 4.0873 
45.45 4.18674 
45.5 4.28678 
45.55 4.38751 
45.6 4.48905 
45.65 4.5915 
45.7 4.69499 
45.75 4.79966 
45.8 4.90567 
45.85 5.01319 
45.9 5.12241 
45.95 5.23357 
46 5.34692 
46.05 5.46273 
46.1 5.58135 
46.15 5.70315 
46.2 5.82857 
46.25 5.95811 
46.3 6.09236 
46.35 6.23204 
46.4 6.37795 
46.45 6.53108 
46.5 6.69262 
46.55 6.86397 
46.6 7.04688 
46.65 7.24347 
46.7 7.45641 
46.75 7.68901 
46.8 7.9455 
46.85 8.23134 
46.9 8.55365 
46.95 8.92187 
47 9.3488 
47.05 9.8521 
47.1 10.4567 
47.15 11.1987 
47.2 12.1321 
47.25 13.3401 
47.3 14.956 
47.35 17.2018 
47.4 20.4611 
47.45 25.4143 
47.5 33.2393 
47.55 45.6153 
47.6 63.153 
47.65 81.1681 
47.7 92.7283 
47.75 98.0017 
47.8 99.9576 
47.85 100.284 
47.9 99.7075 
47.95 98.5566 
48 97.001 
48.05 95.1426 
48.1 93.0517 
48.15 90.7819 
48.2 88.3763 
48.25 85.8705 
48.3 83.2943 
48.35 80.6725 
48.4 78.0252 
48.45 75.369 
48.5 72.7171 
48.55 70.0796 
48.6 67.4644 
48.65 64.8771 
48.7 62.3216 
48.75 59.8003 
48.8 57.3145 
48.85 54.8642 
48.9 52.4484 
48.95 50.0655 
49 47.7125 
49.05 45.3856 
49.1 43.0795 
49.15 40.7872 
49.2 38.4996 
49.25 36.2045 
49.3 33.8863 
49.35 31.5245 
49.4 29.0931 
49.45 26.5588 
49.5 23.8803 
49.55 21.0074 
49.6 17.8826 
49.65 14.4475 
49.7 10.6607 
49.75 6.53819 
49.8 2.22256 
49.85 -1.94181 
49.9 -5.44154 
49.95 -7.86598 
50 -9.22093 
50.05 -9.84816 
50.1 -10.0968 
50.15 -10.1758 
50.2 -10.1832 
50.25 -10.1606 
50.3 -10.1248 
50.35 -10.0827 
50.4 -10.0372 
50.45 -9.98966 
50.5 -9.94052 
50.55 -9.89005 
50.6 -9.83838 
50.65 -9.78557 
50.7 -9.73165 
50.75 -9.67661 
50.8 -9.62048 
50.85 -9.56324 
50.9 -9.5049 
50.95 -9.44544 
51 -9.38486 
51.05 -9.32316 
51.1 -9.26033 
51.15 -9.19636 
51.2 -9.13125 
51.25 -9.06498 
51.3 -8.99757 
51.35 -8.929 
51.4 -8.85926 
51.45 -8.78836 
51.5 -8.7163 
51.55 -8.64306 
51.6 -8.56866 
51.65 -8.49308 
51.7 -8.41633 
51.75 -8.33842 
51.8 -8.25934 
51.85 -8.17909 
51.9 -8.09769 
51.95 -8.01513 
52 -7.93142 
52.05 -7.84657 
52.1 -7.76058 
52.15 -7.67347 
52.2 -7.58524 
52.25 -7.4959 
52.3 -7.40546 
52.35 -7.31395 
52.4 -7.22136 
52.45 -7.12772 
52.5 -7.03304 
52.55 -6.93733 
52.6 -6.84062 
52.65 -6.74292 
52.7 -6.64425 
52.75 -6.54463 
52.8 -6.44408 
52.85 -6.34263 
52.9 -6.2403 
52.95 -6.1371 
53 -6.03307 
53.05 -5.92824 
53.1 -5.82262 
53.15 -5.71624 
53.2 -5.60913 
53.25 -5.50132 
53.3 -5.39284 
53.35 -5.28372 
53.4 -5.17399 
53.45 -5.06367 
53.5 -4.9528 
53.55 -4.84142 
53.6 -4.72954 
53.65 -4.6172 
53.7 -4.50445 
53.75 -4.39129 
53.8 -4.27778 
53.85 -4.16394 
53.9 -4.0498 
53.95 -3.9354 
54 -3.82076 
54.05 -3.70593 
54.1 -3.59092 
54.15 -3.47578 
54.2 -3.36053 
54.25 -3.24521 
54.3 -3.12984 
54.35 -3.01445 
54.4 -2.89907 
54.45 -2.78374 
54.5 -2.66847 
54.55 -2.5533 
54.6 -2.43825 
54.65 -2.32334 
54.7 -2.20861 
54.75 -2.09407 
54.8 -1.97974 
54.85 -1.86566 
54.9 -1.75184 
54.95 -1.6383 
55 -1.52505 
55.05 -1.41212 
55.1 -1.29953 
55.15 -1.18729 
55.2 -1.07541 
55.25 -0.963913 
55.3 -0.852805 
55.35 -0.742101 
55.4 -0.63181 
55.45 -0.521943 
55.5 -0.412507 
55.55 -0.303511 
55.6 -0.194961 
55.65 -0.0868613 
55.7 0.0207826 
55.75 0.127968 
55.8 0.234692 
55.85 0.340954 
55.9 0.446755 
55.95 0.552093 
56 0.656972 
56.05 0.761394 
56.1 0.865364 
56.15 0.968885 
56.2 1.07196 
56.25 1.17461 
56.3 1.27682 
56.35 1.37862 
56.4 1.48001 
56.45 1.581 
56.5 1.68161 
56.55 1.78184 
56.6 1.88171 
56.65 1.98124 
56.7 2.08044 
56.75 2.17933 
56.8 2.27794 
56.85 2.37627 
56.9 2.47435 
56.95 2.5722 
57 2.66986 
57.05 2.76734 
57.1 2.86467 
57.15 2.96188 
57.2 3.05901 
57.25 3.15609 
57.3 3.25316 
57.35 3.35025 
57.4 3.4474 
57.45 3.54467 
57.5 3.64211 
57.55 3.73975 
57.6 3.83767 
57.65 3.93593 
57.7 4.03458 
57.75 4.13371 
57.8 4.2334 
57.85 4.33374 
57.9 4.43482 
57.95 4.53675 
58 4.63965 
58.05 4.74365 
58.1 4.8489 
58.15 4.95557 
58.2 5.06383 
58.25 5.17391 
58.3 5.28603 
58.35 5.40045 
58.4 5.5175 
58.45 5.63751 
58.5 5.7609 
58.55 5.88813 
58.6 6.01974 
58.65 6.15637 
58.7 6.29878 
58.75 6.44786 
58.8 6.60468 
58.85 6.7705 
58.9 6.9469 
58.95 7.13578 
59 7.33949 
59.05 7.56096 
59.1 7.80391 
59.15 8.07309 
59.2 8.37462 
59.25 8.71662 
59.3 9.1099 
59.35 9.56926 
59.4 10.1153 
59.45 10.7775 
59.5 11.5991 
59.55 12.6456 
59.6 14.0199 
59.65 15.8894 
59.7 18.5382 
59.75 22.4643 
59.8 28.5502 
59.85 38.245 
59.9 53.1233 
59.95 71.866 
60 87.4241 
60.05 94.9714 
60.1 98.6146 
60.15 99.8057 
60.2 99.7288 
60.25 98.9032 
60.3 97.5785 
60.35 95.8924 
60.4 93.9329 
60.45 91.7632 
60.5 89.4327 
60.55 86.9814 
60.6 84.4427 
60.65 81.844 
60.7 79.2083 
60.75 76.5541 
60.8 73.8964 
60.85 71.2468 
60.9 68.6147 
60.95 66.0066 
61 63.4273 
61.05 60.8801 
61.1 58.3667 
61.15 55.8876 
61.2 53.4422 
61.25 51.0292 
61.3 48.6459 
61.35 46.2889 
61.4 43.953 
61.45 41.6318 
61.5 39.3165 
61.55 36.9954 
61.6 34.6535 
61.65 32.2706 
61.7 29.8211 
61.75 27.2718 
61.8 24.5804 
61.85 21.6946 
61.9 18.5522 
61.95 15.0855 
62 11.2362 
62.05 6.99348 
62.1 2.46765 
62.15 -2.01088 
62.2 -5.87875 
62.25 -8.6104 
62.3 -10.1389 
62.35 -10.838 
62.4 -11.1167 
62.45 -11.2163 
62.5 -11.2447 
62.55 -11.2452 
62.6 -11.2343 
62.65 -11.2185 
62.7 -11.2004 
62.75 -11.1809 
62.8 -11.1606 
62.85 -11.1397 
62.9 -11.1181 
62.95 -11.096 
63 -11.0734 
63.05 -11.0503 
63.1 -11.0267 
63.15 -11.0025 
63.2 -10.9779 
63.25 -10.9527 
63.3 -10.9271 
63.35 -10.9009 
63.4 -10.8741 
63.45 -10.8469 
63.5 -10.8191 
63.55 -10.7907 
63.6 -10.7618 
63.65 -10.7323 
63.7 -10.7023 
63.75 -10.6717 
63.8 -10.6405 
63.85 -10.6087 
63.9 -10.5764 
63.95 -10.5434 
64 -10.5099 
64.05 -10.4758 
64.1 -10.441 
64.15 -10.4057 
64.2 -10.3698 
64.25 -10.3332 
64.3 -10.296 
64.35 -10.2582 
64.4 -10.2198 
64.45 -10.1807 
64.5 -10.1411 
64.55 -10.1008 
64.6 -10.0598 
64.65 -10.0183 
64.7 -9.97606 
64.75 -9.93323 
64.8 -9.88978 
64.85 -9.84569 
64.9 -9.80096 
64.95 -9.75561 
65 -9.70964 
65.05 -9.66303 
65.1 -9.61581 
65.15 -9.56796 
65.2 -9.51949 
65.25 -9.47042 
65.3 -9.42073 
65.35 -9.37043 
65.4 -9.31954 
65.45 -9.26805 
65.5 -9.21597 
65.55 -9.16331 
65.6 -9.11007 
65.65 -9.05626 
65.7 -9.00189 
65.75 -8.94697 
65.8 -8.89149 
65.85 -8.83548 
65.9 -8.77895 
65.95 -8.72189 
66 -8.66433 
66.05 -8.60626 
66.1 -8.54771 
66.15 -8.48868 
66.2 -8.42919 
66.25 -8.36924 
66.3 -8.30885 
66.35 -8.24803 
66.4 -8.1868 
66.45 -8.12516 
66.5 -8.06313 
66.55 -8.00073 
66.6 -7.93796 
66.65 -7.87485 
66.7 -7.8114 
66.75 -7.74763 
66.8 -7.68356 
66.85 -7.6192 
66.9 -7.55457 
66.95 -7.48968 
67 -7.42455 
67.05 -7.35918 
67.1 -7.29361 
67.15 -7.22784 
67.2 -7.16189 
67.25 -7.09578 
67.3 -7.02951 
67.35 -6.96312 
67.4 -6.89661 
67.45 -6.82999 
67.5 -6.7633 
67.55 -6.69653 
67.6 -6.62971 
67.65 -6.56286 
67.7 -6.49598 
67.75 -6.42909 
67.8 -6.36221 
67.85 -6.29536 
67.9 -6.22854 
67.95 -6.16178 
68 -6.09508 
68.05 -6.02847 
68.1 -5.96195 
68.15 -5.89554 
68.2 -5.82925 
68.25 -5.7631 
68.3 -5.6971 
68.35 -5.63126 
68.4 -5.5656 
68.45 -5.50012 
68.5 -5.43485 
68.55 -5.36978 
68.6 -5.30494 
68.65 -5.24033 
68.7 -5.17596 
68.75 -5.11185 
68.8 -5.04801 
68.85 -4.98444 
68.9 -4.92115 
68.95 -4.85816 
69 -4.79547 
69.05 -4.73309 
69.1 -4.67103 
69.15 -4.60929 
69.2 -4.54789 
69.25 -4.48684 
69.3 -4.42614 
69.35 -4.36579 
69.4 -4.3058 
69.45 -4.24619 
69.5 -4.18695 
69.55 -4.12809 
69.6 -4.06961 
69.65 -4.01153 
69.7 -3.95385 
69.75 -3.89657 
69.8 -3.83969 
69.85 -3.78322 
69.9 -3.72717 
69.95 -3.67154 
70 -3.61632 
70.05 -3.56153 
70.1 -3.50717 
70.15 -3.45324 
70.2 -3.39974 
70.25 -3.34668 
70.3 -3.29406 
70.35 -3.24188 
70.4 -3.19014 
70.45 -3.13884 
70.5 -3.08799 
70.55 -3.03759 
70.6 -2.98764 
70.65 -2.93813 
70.7 -2.88908 
70.75 -2.84048 
70.8 -2.79234 
70.85 -2.74465 
70.9 -2.69741 
70.95 -2.65063 
71 -2.6043 
71.05 -2.55843 
71.1 -2.51302 
71.15 -2.46807 
71.2 -2.42357 
71.25 -2.37953 
71.3 -2.33594 
71.35 -2.29282 
71.4 -2.25015 
71.45 -2.20794 
71.5 -2.16618 
71.55 -2.12488 
71.6 -2.08404 
71.65 -2.04365 
71.7 -2.00372 
71.75 -1.96424 
71.8 -1.92521 
71.85 -1.88664 
71.9 -1.84853 
71.95 -1.81086 
72 -1.77365 
72.05 -1.73689 
72.1 -1.70058 
72.15 -1.66472 
72.2 -1.62931 
72.25 -1.59435 
72.3 -1.55983 
72.35 -1.52576 
72.4 -1.49214 
72.45 -1.45896 
72.5 -1.42623 
72.55 -1.39394 
72.6 -1.36209 
72.65 -1.33069 
72.7 -1.29972 
72.75 -1.26919 
72.8 -1.2391 
72.85 -1.20945 
72.9 -1.18023 
72.95 -1.15145 
73 -1.1231 
73.05 -1.09518 
73.1 -1.06769 
73.15 -1.04063 
73.2 -1.01401 
73.25 -0.987802 
73.3 -0.962025 
73.35 -0.936671 
73.4 -0.91174 
73.45 -0.887228 
73.5 -0.863136 
73.55 -0.839461 
73.6 -0.816202 
73.65 -0.793356 
73.7 -0.770922 
73.75 -0.748898 
73.8 -0.727281 
73.85 -0.706071 
73.9 -0.685264 
73.95 -0.664858 
74 -0.644852 
74.05 -0.625242 
74.1 -0.606027 
74.15 -0.587204 
74.2 -0.56877 
74.25 -0.550722 
74.3 -0.533059 
74.35 -0.515777 
74.4 -0.498873 
74.45 -0.482344 
74.5 -0.466188 
74.55 -0.450401 
74.6 -0.434979 
74.65 -0.419921 
74.7 -0.405221 
74.75 -0.390877 
74.8 -0.376885 
74.85 -0.363241 
74.9 -0.349942 
74.95 -0.336984 
75 -0.324363 
75.05 -0.312075 
75.1 -0.300116 
75.15 -0.288482 
75.2 -0.277168 
75.25 -0.26617 
75.3 -0.255484 
75.35 -0.245106 
75.4 -0.23503 
75.45 -0.225253 
75.5 -0.21577 
75.55 -0.206575 
75.6 -0.197665 
75.65 -0.189034 
75.7 -0.180677 
75.75 -0.17259 
75.8 -0.164768 
75.85 -0.157206 
75.9 -0.149898 
75.95 -0.14284 
76 -0.136026 
76.05 -0.129452 
76.1 -0.123112 
76.15 -0.117001 
76.2 -0.111114 
76.25 -0.105446 
76.3 -0.0999912 
76.35 -0.0947454 
76.4 -0.089703 
76.45 -0.0848588 
76.5 -0.0802079 
76.55 -0.075745 
76.6 -0.0714652 
76.65 -0.0673634 
76.7 -0.0634346 
76.75 -0.0596739 
76.8 -0.0560763 
76.85 -0.0526371 
76.9 -0.0493513 
76.95 -0.0462142 
77 -0.0432211 
77.05 -0.0403675 
77.1 -0.0376486 
77.15 -0.03506 
77.2 -0.0325972 
77.25 -0.0302559 
77.3 -0.0280318 
77.35 -0.0259206 
77.4 -0.0239183 
77.45 -0.0220207 
77.5 -0.0202239 
77.55 -0.018524 
77.6 -0.0169171 
77.65 -0.0153997 
77.7 -0.0139679 
77.75 -0.0126184 
77.8 -0.0113476 
77.85 -0.0101522 
77.9 -0.00902882 
77.95 -0.0079744 
78 -0.00698579 
78.05 -0.00606001 
78.1 -0.00519412 
78.15 -0.00438532 
78.2 -0.00363086 
78.25 -0.0029281 
78.3 -0.00227447 
78.35 -0.00166751 
78.4 -0.00110483 
78.45 -0.000584122 
78.5 -0.000103171 
78.55 0.000340161 
78.6 0.00074793 
78.65 0.00112211 
78.7 0.00146461 
78.75 0.00177725 
78.8 0.00206178 
78.85 0.00231987 
78.9 0.00255312 
78.95 0.00276309 
79 0.00295122 
79.05 0.00311893 
79.1 0.00326755 
79.15 0.00339835 
79.2 0.00351256 
79.25 0.00361133 
79.3 0.00369576 
79.35 0.00376688 
79.4 0.00382571 
79.45 0.00387317 
79.5 0.00391015 
79.55 0.00393751 
79.6 0.00395603 
79.65 0.00396646 
79.7 0.00396953 
79.75 0.00396589 
79.8 0.00395618 
79.85 0.00394099 
79.9 0.00392088 
79.95 0.00389636 
80 0.00386793 
80.05 0.00383604 
80.1 0.00380112 
80.15 0.00376356 
80.2 0.00372375 
80.25 0.00368202 
80.3 0.00363869 
80.35 0.00359406 
80.4 0.00354841 
80.45 0.00350198 
80.5 0.00345501 
80.55 0.00340771 
80.6 0.00336028 
80.65 0.0033129 
80.7 0.00326573 
80.75 0.00321892 
80.8 0.00317261 
80.85 0.0031269 
80.9 0.00308192 
80.95 0.00303776 
81 0.0029945 
81.05 0.00295221 
81.1 0.00291097 
81.15 0.00287083 
81.2 0.00283183 
81.25 0.00279403 
81.3 0.00275744 
81.35 0.00272211 
81.4 0.00268804 
81.45 0.00265526 
81.5 0.00262377 
81.55 0.00259357 
81.6 0.00256468 
81.65 0.00253708 
81.7 0.00251077 
81.75 0.00248574 
81.8 0.00246197 
81.85 0.00243945 
81.9 0.00241815 
81.95 0.00239807 
82 0.00237918 
82.05 0.00236145 
82.1 0.00234485 
82.15 0.00232937 
82.2 0.00231497 
82.25 0.00230162 
82.3 0.0022893 
82.35 0.00227798 
82.4 0.00226762 
82.45 0.00225819 
82.5 0.00224967 
82.55 0.00224202 
82.6 0.00223521 
82.65 0.00222921 
82.7 0.002224 
82.75 0.00221953 
82.8 0.00221578 
82.85 0.00221273 
82.9 0.00221033 
82.95 0.00220857 
83 0.00220741 
83.05 0.00220683 
83.1 0.0022068 
83.15 0.0022073 
83.2 0.00220829 
83.25 0.00220976 
83.3 0.00221167 
83.35 0.00221401 
83.4 0.00221675 
83.45 0.00221988 
83.5 0.00222336 
83.55 0.00222718 
83.6 0.00223132 
83.65 0.00223575 
83.7 0.00224047 
83.75 0.00224544 
83.8 0.00225067 
83.85 0.00225611 
83.9 0.00226178 
83.95 0.00226763 
84 0.00227367 
84.05 0.00227988 
84.1 0.00228624 
84.15 0.00229275 
84.2 0.00229938 
84.25 0.00230613 
84.3 0.00231299 
84.35 0.00231995 
84.4 0.00232699 
84.45 0.00233411 
84.5 0.0023413 
84.55 0.00234854 
84.6 0.00235584 
84.65 0.00236318 
84.7 0.00237056 
84.75 0.00237797 
84.8 0.0023854 
84.85 0.00239285 
84.9 0.00240031 
84.95 0.00240778 
85 0.00241525 
85.05 0.00242271 
85.1 0.00243017 
85.15 0.00243762 
85.2 0.00244506 
85.25 0.00245247 
85.3 0.00245986 
85.35 0.00246723 
85.4 0.00247457 
85.45 0.00248188 
85.5 0.00248916 
85.55 0.00249641 
85.6 0.00250362 
85.65 0.00251079 
85.7 0.00251792 
85.75 0.00252501 
85.8 0.00253206 
85.85 0.00253906 
85.9 0.00254602 
85.95 0.00255294 
86 0.00255981 
86.05 0.00256663 
86.1 0.00257341 
86.15 0.00258013 
86.2 0.00258681 
86.25 0.00259344 
86.3 0.00260003 
86.35 0.00260656 
86.4 0.00261305 
86.45 0.00261948 
86.5 0.00262587 
86.55 0.00263221 
86.6 0.0026385 
86.65 0.00264474 
86.7 0.00265093 
86.75 0.00265708 
86.8 0.00266318 
86.85 0.00266923 
86.9 0.00267523 
86.95 0.00268119 
87 0.0026871 
87.05 0.00269297 
87.1 0.00269879 
87.15 0.00270456 
87.2 0.0027103 
87.25 0.00271598 
87.3 0.00272163 
87.35 0.00272723 
87.4 0.00273278 
87.45 0.0027383 
87.5 0.00274377 
87.55 0.0027492 
87.6 0.0027546 
87.65 0.00275995 
87.7 0.00276526 
87.75 0.00277053 
87.8 0.00277577 
87.85 0.00278096 
87.9 0.00278612 
87.95 0.00279124 
88 0.00279633 
88.05 0.00280137 
88.1 0.00280639 
88.15 0.00281136 
88.2 0.0028163 
88.25 0.00282121 
88.3 0.00282608 
88.35 0.00283092 
88.4 0.00283573 
88.45 0.0028405 
88.5 0.00284524 
88.55 0.00284995 
88.6 0.00285462 
88.65 0.00285926 
88.7 0.00286388 
88.75 0.00286846 
88.8 0.00287301 
88.85 0.00287753 
88.9 0.00288202 
88.95 0.00288649 
89 0.00289092 
89.05 0.00289533 
89.1 0.0028997 
89.15 0.00290405 
89.2 0.00290837 
89.25 0.00291266 
89.3 0.00291693 
89.35 0.00292116 
89.4 0.00292538 
89.45 0.00292956 
89.5 0.00293372 
89.55 0.00293785 
89.6 0.00294196 
89.65 0.00294604 
89.7 0.00295009 
89.75 0.00295412 
89.8 0.00295813 
89.85 0.00296211 
89.9 0.00296606 
89.95 0.00296999 
90 0.0029739 
90.05 0.00297778 
90.1 0.00298164 
90.15 0.00298548 
90.2 0.00298929 
90.25 0.00299308 
90.3 0.00299685 
90.35 0.00300059 
90.4 0.00300431 
90.45 0.00300801 
90.5 0.00301168 
90.55 0.00301534 
90.6 0.00301897 
90.65 0.00302258 
90.7 0.00302617 
90.75 0.00302973 
90.8 0.00303328 
90.85 0.0030368 
90.9 0.0030403 
90.95 0.00304378 
91 0.00304724 
91.05 0.00305068 
91.1 0.0030541 
91.15 0.0030575 
91.2 0.00306088 
91.25 0.00306424 
91.3 0.00306758 
91.35 0.00307089 
91.4 0.00307419 
91.45 0.00307747 
91.5 0.00308073 
91.55 0.00308397 
91.6 0.00308719 
91.65 0.00309039 
91.7 0.00309357 
91.75 0.00309673 
91.8 0.00309987 
91.85 0.003103 
91.9 0.00310611 
91.95 0.00310919 
92 0.00311226 
92.05 0.00311531 
92.1 0.00311835 
92.15 0.00312136 
92.2 0.00312436 
92.25 0.00312733 
92.3 0.00313029 
92.35 0.00313324 
92.4 0.00313616 
92.45 0.00313907 
92.5 0.00314196 
92.55 0.00314483 
92.6 0.00314769 
92.65 0.00315053 
92.7 0.00315335 
92.75 0.00315616 
92.8 0.00315894 
92.85 0.00316172 
92.9 0.00316447 
92.95 0.00316721 
93 0.00316993 
93.05 0.00317264 
93.1 0.00317533 
93.15 0.003178 
93.2 0.00318066 
93.25 0.0031833 
93.3 0.00318593 
93.35 0.00318854 
93.4 0.00319113 
93.45 0.00319371 
93.5 0.00319627 
93.55 0.00319882 
93.6 0.00320135 
93.65 0.00320387 
93.7 0.00320637 
93.75 0.00320886 
93.8 0.00321133 
93.85 0.00321379 
93.9 0.00321623 
93.95 0.00321866 
94 0.00322108 
94.05 0.00322347 
94.1 0.00322586 
94.15 0.00322823 
94.2 0.00323059 
94.25 0.00323293 
94.3 0.00323526 
94.35 0.00323757 
94.4 0.00323987 
94.45 0.00324216 
94.5 0.00324443 
94.55 0.00324669 
94.6 0.00324894 
94.65 0.00325117 
94.7 0.00325339 
94.75 0.00325559 
94.8 0.00325778 
94.85 0.00325996 
94.9 0.00326213 
94.95 0.00326428 
95 0.00326642 
95.05 0.00326855 
95.1 0.00327066 
95.15 0.00327276 
95.2 0.00327485 
95.25 0.00327693 
95.3 0.00327899 
95.35 0.00328104 
95.4 0.00328308 
95.45 0.00328511 
95.5 0.00328712 
95.55 0.00328913 
95.6 0.00329112 
95.65 0.0032931 
95.7 0.00329506 
95.75 0.00329702 
95.8 0.00329896 
95.85 0.00330089 
95.9 0.00330281 
95.95 0.00330472 
96 0.00330662 
96.05 0.0033085 
96.1 0.00331038 
96.15 0.00331224 
96.2 0.00331409 
96.25 0.00331593 
96.3 0.00331776 
96.35 0.00331958 
96.4 0.00332139 
96.45 0.00332319 
96.5 0.00332497 
96.55 0.00332675 
96.6 0.00332851 
96.65 0.00333027 
96.7 0.00333201 
96.75 0.00333374 
96.8 0.00333546 
96.85 0.00333718 
96.9 0.00333888 
96.95 0.00334057 
97 0.00334225 
97.05 0.00334392 
97.1 0.00334558 
97.15 0.00334724 
97.2 0.00334888 
97.25 0.00335051 
97.3 0.00335213 
97.35 0.00335374 
97.4 0.00335534 
97.45 0.00335694 
97.5 0.00335852 
97.55 0.00336009 
97.6 0.00336166 
97.65 0.00336321 
97.7 0.00336476 
97.75 0.0033663 
97.8 0.00336782 
97.85 0.00336934 
97.9 0.00337085 
97.95 0.00337235 
98 0.00337384 
98.05 0.00337532 
98.1 0.00337679 
98.15 0.00337826 
98.2 0.00337971 
98.25 0.00338116 
98.3 0.0033826 
98.35 0.00338402 
98.4 0.00338544 
98.45 0.00338686 
98.5 0.00338826 
98.55 0.00338965 
98.6 0.00339104 
98.65 0.00339242 
98.7 0.00339379 
98.75 0.00339515 
98.8 0.0033965 
98.85 0.00339785 
98.9 0.00339919 
98.95 0.00340052 
99 0.00340184 
99.05 0.00340315 
99.1 0.00340446 
99.15 0.00340575 
99.2 0.00340704 
99.25 0.00340833 
99.3 0.0034096 
99.35 0.00341087 
99.4 0.00341213 
99.45 0.00341338 
99.5 0.00341462 
99.55 0.00341586 
99.6 0.00341709 
99.65 0.00341831 
99.7 0.00341952 
99.75 0.00342073 
99.8 0.00342193 
99.85 0.00342312 
99.9 0.00342431 
99.95 0.00342549 
