0 -0.0657567 
0.0001 -0.0650908 
0.0002 -0.0646377 
0.0003 -0.0642715 
0.0004 -0.0639659 
0.0005 -0.0637042 
0.0006 -0.0634745 
0.0007 -0.063268 
0.0008 -0.0630788 
0.0009 -0.0629023 
0.001 -0.0627353 
0.0011 -0.0625755 
0.0012 -0.0624213 
0.0013 -0.0622713 
0.0014 -0.0621248 
0.0015 -0.0619811 
0.0016 -0.0618396 
0.0017 -0.0617 
0.0018 -0.0615621 
0.0019 -0.0614256 
0.002 -0.0612904 
0.0021 -0.0611563 
0.0022 -0.0610232 
0.0023 -0.0608911 
0.0024 -0.0607598 
0.0025 -0.0606293 
0.0026 -0.0604995 
0.0027 -0.0603704 
0.0028 -0.0602419 
0.0029 -0.060114 
0.003 -0.0599866 
0.0031 -0.0598596 
0.0032 -0.0597331 
0.0033 -0.0596068 
0.0034 -0.0594809 
0.0035 -0.0593553 
0.0036 -0.0592298 
0.0037 -0.0591044 
0.0038 -0.0589792 
0.0039 -0.0588539 
0.004 -0.0587286 
0.0041 -0.0586032 
0.0042 -0.0584776 
0.0043 -0.0583518 
0.0044 -0.0582256 
0.0045 -0.0580991 
0.0046 -0.057972 
0.0047 -0.0578444 
0.0048 -0.0577161 
0.0049 -0.057587 
0.005 -0.0574571 
0.0051 -0.0573261 
0.0052 -0.0571941 
0.0053 -0.0570607 
0.0054 -0.056926 
0.0055 -0.0567898 
0.0056 -0.0566518 
0.0057 -0.0565118 
0.0058 -0.0563698 
0.0059 -0.0562253 
0.006 -0.0560783 
0.0061 -0.0559283 
0.0062 -0.0557751 
0.0063 -0.0556182 
0.0064 -0.0554574 
0.0065 -0.055292 
0.0066 -0.0551216 
0.0067 -0.0549455 
0.0068 -0.0547629 
0.0069 -0.0545731 
0.007 -0.0543749 
0.0071 -0.0541671 
0.0072 -0.0539483 
0.0073 -0.0537166 
0.0074 -0.0534696 
0.0075 -0.0532046 
0.0076 -0.0529177 
0.0077 -0.0526041 
0.0078 -0.0522571 
0.0079 -0.0518678 
0.008 -0.0514231 
0.0081 -0.0509037 
0.0082 -0.0502792 
0.0083 -0.0494991 
0.0084 -0.0484712 
0.0085 -0.0470079 
0.0086 -0.0446558 
0.0087 -0.0400013 
0.0088 -0.0267341 
0.0089 0.00752683 
0.009 0.0225065 
0.0091 0.020338 
0.0092 0.0132079 
0.0093 0.00459805 
0.0094 -0.00395202 
0.0095 -0.0116412 
0.0096 -0.0180335 
0.0097 -0.0230069 
0.0098 -0.0267869 
0.0099 -0.029718 
0.01 -0.0320821 
0.0101 -0.0340739 
0.0102 -0.035823 
0.0103 -0.0374155 
0.0104 -0.0389092 
0.0105 -0.0403412 
0.0106 -0.0417338 
0.0107 -0.0430966 
0.0108 -0.0444291 
0.0109 -0.0457231 
0.011 -0.046966 
0.0111 -0.0481443 
0.0112 -0.0492472 
0.0113 -0.0502681 
0.0114 -0.0512053 
0.0115 -0.0520611 
0.0116 -0.0528409 
0.0117 -0.0535511 
0.0118 -0.0541988 
0.0119 -0.0547909 
0.012 -0.0553336 
0.0121 -0.0558324 
0.0122 -0.0562922 
0.0123 -0.0567172 
0.0124 -0.0571108 
0.0125 -0.0574762 
0.0126 -0.0578161 
0.0127 -0.0581328 
0.0128 -0.0584283 
0.0129 -0.0587044 
0.013 -0.0589626 
0.0131 -0.0592044 
0.0132 -0.0594309 
0.0133 -0.0596433 
0.0134 -0.0598425 
0.0135 -0.0600294 
0.0136 -0.0602049 
0.0137 -0.0603696 
0.0138 -0.0605242 
0.0139 -0.0606693 
0.014 -0.0608055 
0.0141 -0.0609331 
0.0142 -0.0610528 
0.0143 -0.0611649 
0.0144 -0.0612697 
0.0145 -0.0613678 
0.0146 -0.0614593 
0.0147 -0.0615446 
0.0148 -0.0616241 
0.0149 -0.0616979 
0.015 -0.0617663 
0.0151 -0.0618296 
0.0152 -0.0618879 
0.0153 -0.0619416 
0.0154 -0.0619908 
0.0155 -0.0620356 
0.0156 -0.0620763 
0.0157 -0.062113 
0.0158 -0.062146 
0.0159 -0.0621753 
0.016 -0.0622011 
0.0161 -0.0622235 
0.0162 -0.0622426 
0.0163 -0.0622587 
0.0164 -0.0622718 
0.0165 -0.0622819 
0.0166 -0.0622894 
0.0167 -0.0622941 
0.0168 -0.0622963 
0.0169 -0.0622961 
0.017 -0.0622934 
0.0171 -0.0622885 
0.0172 -0.0622813 
0.0173 -0.0622721 
0.0174 -0.0622608 
0.0175 -0.0622475 
0.0176 -0.0622323 
0.0177 -0.0622153 
0.0178 -0.0621965 
0.0179 -0.0621761 
0.018 -0.0621539 
0.0181 -0.0621302 
0.0182 -0.062105 
0.0183 -0.0620783 
0.0184 -0.0620502 
0.0185 -0.0620208 
0.0186 -0.06199 
0.0187 -0.0619579 
0.0188 -0.0619246 
0.0189 -0.0618901 
0.019 -0.0618545 
0.0191 -0.0618178 
0.0192 -0.06178 
0.0193 -0.0617412 
0.0194 -0.0617014 
0.0195 -0.0616606 
0.0196 -0.061619 
0.0197 -0.0615764 
0.0198 -0.061533 
0.0199 -0.0614887 
0.02 -0.0614437 
0.0201 -0.0613979 
0.0202 -0.0613513 
0.0203 -0.061304 
0.0204 -0.061256 
0.0205 -0.0612074 
0.0206 -0.0611581 
0.0207 -0.0611082 
0.0208 -0.0610576 
0.0209 -0.0610065 
0.021 -0.0609549 
0.0211 -0.0609026 
0.0212 -0.0608499 
0.0213 -0.0607966 
0.0214 -0.0607429 
0.0215 -0.0606887 
0.0216 -0.060634 
0.0217 -0.0605789 
0.0218 -0.0605233 
0.0219 -0.0604673 
0.022 -0.0604109 
0.0221 -0.0603541 
0.0222 -0.060297 
0.0223 -0.0602394 
0.0224 -0.0601815 
0.0225 -0.0601232 
0.0226 -0.0600646 
0.0227 -0.0600057 
0.0228 -0.0599464 
0.0229 -0.0598868 
0.023 -0.0598269 
0.0231 -0.0597667 
0.0232 -0.0597062 
0.0233 -0.0596454 
0.0234 -0.0595842 
0.0235 -0.0595228 
0.0236 -0.0594611 
0.0237 -0.0593992 
0.0238 -0.0593369 
0.0239 -0.0592744 
0.024 -0.0592115 
0.0241 -0.0591484 
0.0242 -0.0590851 
0.0243 -0.0590214 
0.0244 -0.0589575 
0.0245 -0.0588932 
0.0246 -0.0588287 
0.0247 -0.0587639 
0.0248 -0.0586988 
0.0249 -0.0586334 
0.025 -0.0585677 
0.0251 -0.0585017 
0.0252 -0.0584354 
0.0253 -0.0583687 
0.0254 -0.0583017 
0.0255 -0.0582344 
0.0256 -0.0581667 
0.0257 -0.0580987 
0.0258 -0.0580302 
0.0259 -0.0579614 
0.026 -0.0578922 
0.0261 -0.0578226 
0.0262 -0.0577525 
0.0263 -0.057682 
0.0264 -0.057611 
0.0265 -0.0575395 
0.0266 -0.0574676 
0.0267 -0.057395 
0.0268 -0.0573219 
0.0269 -0.0572483 
0.027 -0.057174 
0.0271 -0.057099 
0.0272 -0.0570234 
0.0273 -0.0569471 
0.0274 -0.05687 
0.0275 -0.0567921 
0.0276 -0.0567134 
0.0277 -0.0566338 
0.0278 -0.0565532 
0.0279 -0.0564717 
0.028 -0.0563891 
0.0281 -0.0563054 
0.0282 -0.0562204 
0.0283 -0.0561343 
0.0284 -0.0560468 
0.0285 -0.0559578 
0.0286 -0.0558673 
0.0287 -0.0557752 
0.0288 -0.0556813 
0.0289 -0.0555855 
0.029 -0.0554876 
0.0291 -0.0553876 
0.0292 -0.0552852 
0.0293 -0.0551802 
0.0294 -0.0550724 
0.0295 -0.0549616 
0.0296 -0.0548475 
0.0297 -0.0547298 
0.0298 -0.054608 
0.0299 -0.0544819 
0.03 -0.0543509 
0.0301 -0.0542145 
0.0302 -0.0540721 
0.0303 -0.0539229 
0.0304 -0.053766 
0.0305 -0.0536004 
0.0306 -0.0534248 
0.0307 -0.0532378 
0.0308 -0.0530373 
0.0309 -0.052821 
0.031 -0.0525859 
0.0311 -0.052328 
0.0312 -0.0520422 
0.0313 -0.0517215 
0.0314 -0.051356 
0.0315 -0.0509316 
0.0316 -0.0504269 
0.0317 -0.0498079 
0.0318 -0.0490169 
0.0319 -0.0479461 
0.032 -0.0463681 
0.0321 -0.0437062 
0.0322 -0.0380205 
0.0323 -0.0203202 
0.0324 0.0132741 
0.0325 0.0219895 
0.0326 0.0180153 
0.0327 0.0102846 
0.0328 0.00157353 
0.0329 -0.00681585 
0.033 -0.0141906 
0.0331 -0.0201797 
0.0332 -0.0247818 
0.0333 -0.0283061 
0.0334 -0.0310936 
0.0335 -0.0333969 
0.0336 -0.0353846 
0.0337 -0.0371675 
0.0338 -0.0388182 
0.0339 -0.0403826 
0.034 -0.0418874 
0.0341 -0.0433438 
0.0342 -0.0447515 
0.0343 -0.0461021 
0.0344 -0.0473839 
0.0345 -0.0485847 
0.0346 -0.0496968 
0.0347 -0.0507172 
0.0348 -0.0516479 
0.0349 -0.0524942 
0.035 -0.0532632 
0.0351 -0.0539629 
0.0352 -0.0546011 
0.0353 -0.0551848 
0.0354 -0.0557204 
0.0355 -0.0562134 
0.0356 -0.0566684 
0.0357 -0.0570896 
0.0358 -0.0574803 
0.0359 -0.0578436 
0.036 -0.0581819 
0.0361 -0.0584975 
0.0362 -0.0587925 
0.0363 -0.0590684 
0.0364 -0.0593269 
0.0365 -0.0595693 
0.0366 -0.0597967 
0.0367 -0.0600102 
0.0368 -0.0602109 
0.0369 -0.0603995 
0.037 -0.0605768 
0.0371 -0.0607437 
0.0372 -0.0609006 
0.0373 -0.0610482 
0.0374 -0.061187 
0.0375 -0.0613175 
0.0376 -0.0614402 
0.0377 -0.0615554 
0.0378 -0.0616636 
0.0379 -0.0617652 
0.038 -0.0618603 
0.0381 -0.0619494 
0.0382 -0.0620328 
0.0383 -0.0621107 
0.0384 -0.0621833 
0.0385 -0.0622509 
0.0386 -0.0623138 
0.0387 -0.062372 
0.0388 -0.0624259 
0.0389 -0.0624757 
0.039 -0.0625214 
0.0391 -0.0625633 
0.0392 -0.0626015 
0.0393 -0.0626362 
0.0394 -0.0626675 
0.0395 -0.0626956 
0.0396 -0.0627205 
0.0397 -0.0627425 
0.0398 -0.0627616 
0.0399 -0.062778 
0.04 -0.0627917 
0.0401 -0.0628029 
0.0402 -0.0628116 
0.0403 -0.062818 
0.0404 -0.0628222 
0.0405 -0.0628242 
0.0406 -0.0628241 
0.0407 -0.062822 
0.0408 -0.062818 
0.0409 -0.0628121 
0.041 -0.0628045 
0.0411 -0.0627952 
0.0412 -0.0627842 
0.0413 -0.0627716 
0.0414 -0.0627576 
0.0415 -0.062742 
0.0416 -0.0627251 
0.0417 -0.0627068 
0.0418 -0.0626873 
0.0419 -0.0626664 
0.042 -0.0626444 
0.0421 -0.0626213 
0.0422 -0.062597 
0.0423 -0.0625717 
0.0424 -0.0625453 
0.0425 -0.062518 
0.0426 -0.0624897 
0.0427 -0.0624606 
0.0428 -0.0624305 
0.0429 -0.0623997 
0.043 -0.062368 
0.0431 -0.0623356 
0.0432 -0.0623024 
0.0433 -0.0622686 
0.0434 -0.062234 
0.0435 -0.0621988 
0.0436 -0.062163 
0.0437 -0.0621266 
0.0438 -0.0620897 
0.0439 -0.0620522 
0.044 -0.0620142 
0.0441 -0.0619757 
0.0442 -0.0619367 
0.0443 -0.0618972 
0.0444 -0.0618574 
0.0445 -0.0618171 
0.0446 -0.0617764 
0.0447 -0.0617354 
0.0448 -0.061694 
0.0449 -0.0616523 
0.045 -0.0616102 
0.0451 -0.0615678 
0.0452 -0.0615252 
0.0453 -0.0614823 
0.0454 -0.0614391 
0.0455 -0.0613957 
0.0456 -0.061352 
0.0457 -0.0613081 
0.0458 -0.0612641 
0.0459 -0.0612198 
0.046 -0.0611753 
0.0461 -0.0611307 
0.0462 -0.0610859 
0.0463 -0.061041 
0.0464 -0.0609959 
0.0465 -0.0609507 
0.0466 -0.0609054 
0.0467 -0.0608599 
0.0468 -0.0608144 
0.0469 -0.0607687 
0.047 -0.060723 
0.0471 -0.0606772 
0.0472 -0.0606313 
0.0473 -0.0605854 
0.0474 -0.0605394 
0.0475 -0.0604933 
0.0476 -0.0604472 
0.0477 -0.0604011 
0.0478 -0.0603549 
0.0479 -0.0603087 
0.048 -0.0602624 
0.0481 -0.0602162 
0.0482 -0.0601699 
0.0483 -0.0601236 
0.0484 -0.0600773 
0.0485 -0.060031 
0.0486 -0.0599847 
0.0487 -0.0599384 
0.0488 -0.0598921 
0.0489 -0.0598459 
0.049 -0.0597996 
0.0491 -0.0597533 
0.0492 -0.0597071 
0.0493 -0.0596608 
0.0494 -0.0596146 
0.0495 -0.0595684 
0.0496 -0.0595223 
0.0497 -0.0594761 
0.0498 -0.05943 
0.0499 -0.0593839 
0.05 -0.0593378 
0.0501 -0.0592918 
0.0502 -0.0592458 
0.0503 -0.0591998 
0.0504 -0.0591538 
0.0505 -0.0591078 
0.0506 -0.0590619 
0.0507 -0.059016 
0.0508 -0.0589702 
0.0509 -0.0589243 
0.051 -0.0588785 
0.0511 -0.0588327 
0.0512 -0.0587869 
0.0513 -0.0587411 
0.0514 -0.0586954 
0.0515 -0.0586497 
0.0516 -0.0586039 
0.0517 -0.0585582 
0.0518 -0.0585125 
0.0519 -0.0584668 
0.052 -0.0584211 
0.0521 -0.0583754 
0.0522 -0.0583297 
0.0523 -0.058284 
0.0524 -0.0582383 
0.0525 -0.0581925 
0.0526 -0.0581468 
0.0527 -0.058101 
0.0528 -0.0580552 
0.0529 -0.0580094 
0.053 -0.0579635 
0.0531 -0.0579176 
0.0532 -0.0578716 
0.0533 -0.0578256 
0.0534 -0.0577796 
0.0535 -0.0577334 
0.0536 -0.0576872 
0.0537 -0.0576409 
0.0538 -0.0575946 
0.0539 -0.0575481 
0.054 -0.0575016 
0.0541 -0.057455 
0.0542 -0.0574082 
0.0543 -0.0573613 
0.0544 -0.0573143 
0.0545 -0.0572672 
0.0546 -0.0572199 
0.0547 -0.0571724 
0.0548 -0.0571248 
0.0549 -0.057077 
0.055 -0.057029 
0.0551 -0.0569808 
0.0552 -0.0569324 
0.0553 -0.0568838 
0.0554 -0.056835 
0.0555 -0.0567859 
0.0556 -0.0567365 
0.0557 -0.0566868 
0.0558 -0.0566369 
0.0559 -0.0565866 
0.056 -0.056536 
0.0561 -0.0564851 
0.0562 -0.0564337 
0.0563 -0.056382 
0.0564 -0.0563299 
0.0565 -0.0562773 
0.0566 -0.0562243 
0.0567 -0.0561708 
0.0568 -0.0561168 
0.0569 -0.0560623 
0.057 -0.0560071 
0.0571 -0.0559514 
0.0572 -0.055895 
0.0573 -0.055838 
0.0574 -0.0557803 
0.0575 -0.0557217 
0.0576 -0.0556624 
0.0577 -0.0556023 
0.0578 -0.0555412 
0.0579 -0.0554792 
0.058 -0.0554162 
0.0581 -0.0553521 
0.0582 -0.0552869 
0.0583 -0.0552205 
0.0584 -0.0551527 
0.0585 -0.0550836 
0.0586 -0.0550129 
0.0587 -0.0549407 
0.0588 -0.0548668 
0.0589 -0.0547911 
0.059 -0.0547133 
0.0591 -0.0546335 
0.0592 -0.0545513 
0.0593 -0.0544667 
0.0594 -0.0543794 
0.0595 -0.0542891 
0.0596 -0.0541956 
0.0597 -0.0540986 
0.0598 -0.0539978 
0.0599 -0.0538926 
0.06 -0.0537828 
0.0601 -0.0536678 
0.0602 -0.0535468 
0.0603 -0.0534194 
0.0604 -0.0532844 
0.0605 -0.0531411 
0.0606 -0.0529881 
0.0607 -0.0528239 
0.0608 -0.0526466 
0.0609 -0.0524541 
0.061 -0.0522433 
0.0611 -0.0520104 
0.0612 -0.0517504 
0.0613 -0.0514566 
0.0614 -0.0511193 
0.0615 -0.050725 
0.0616 -0.0502531 
0.0617 -0.0496711 
0.0618 -0.0489241 
0.0619 -0.0479104 
0.062 -0.0464183 
0.0621 -0.0439213 
0.0622 -0.0387047 
0.0623 -0.0229525 
0.0624 0.0108046 
0.0625 0.0214954 
0.0626 0.0180372 
0.0627 0.0104434 
0.0628 0.00172712 
0.0629 -0.00673406 
0.063 -0.014208 
0.0631 -0.0202944 
0.0632 -0.0249793 
0.0633 -0.0285784 
0.0634 -0.0314402 
0.0635 -0.03382 
0.0636 -0.035887 
0.0637 -0.0377506 
0.0638 -0.0394809 
0.0639 -0.0411202 
0.064 -0.0426904 
0.0641 -0.0441976 
0.0642 -0.0456372 
0.0643 -0.0469987 
0.0644 -0.0482712 
0.0645 -0.0494468 
0.0646 -0.0505227 
0.0647 -0.0515013 
0.0648 -0.0523887 
0.0649 -0.0531932 
0.065 -0.0539237 
0.0651 -0.0545888 
0.0652 -0.0551964 
0.0653 -0.0557534 
0.0654 -0.0562656 
0.0655 -0.0567383 
0.0656 -0.0571756 
0.0657 -0.0575812 
0.0658 -0.0579583 
0.0659 -0.0583096 
0.066 -0.0586374 
0.0661 -0.0589438 
0.0662 -0.0592305 
0.0663 -0.0594993 
0.0664 -0.0597514 
0.0665 -0.0599882 
0.0666 -0.0602107 
0.0667 -0.06042 
0.0668 -0.0606169 
0.0669 -0.0608023 
0.067 -0.0609769 
0.0671 -0.0611414 
0.0672 -0.0612964 
0.0673 -0.0614425 
0.0674 -0.06158 
0.0675 -0.0617096 
0.0676 -0.0618317 
0.0677 -0.0619465 
0.0678 -0.0620546 
0.0679 -0.0621563 
0.068 -0.0622518 
0.0681 -0.0623415 
0.0682 -0.0624256 
0.0683 -0.0625044 
0.0684 -0.0625782 
0.0685 -0.0626471 
0.0686 -0.0627115 
0.0687 -0.0627714 
0.0688 -0.0628272 
0.0689 -0.0628789 
0.069 -0.0629267 
0.0691 -0.0629709 
0.0692 -0.0630115 
0.0693 -0.0630487 
0.0694 -0.0630827 
0.0695 -0.0631135 
0.0696 -0.0631414 
0.0697 -0.0631664 
0.0698 -0.0631887 
0.0699 -0.0632083 
0.07 -0.0632254 
0.0701 -0.0632401 
0.0702 -0.0632525 
0.0703 -0.0632626 
0.0704 -0.0632705 
0.0705 -0.0632764 
0.0706 -0.0632803 
0.0707 -0.0632823 
0.0708 -0.0632825 
0.0709 -0.0632809 
0.071 -0.0632777 
0.0711 -0.0632728 
0.0712 -0.0632664 
0.0713 -0.0632584 
0.0714 -0.0632491 
0.0715 -0.0632383 
0.0716 -0.0632263 
0.0717 -0.0632129 
0.0718 -0.0631984 
0.0719 -0.0631826 
0.072 -0.0631658 
0.0721 -0.0631479 
0.0722 -0.0631289 
0.0723 -0.063109 
0.0724 -0.0630881 
0.0725 -0.0630663 
0.0726 -0.0630436 
0.0727 -0.06302 
0.0728 -0.0629957 
0.0729 -0.0629706 
0.073 -0.0629448 
0.0731 -0.0629183 
0.0732 -0.0628911 
0.0733 -0.0628632 
0.0734 -0.0628347 
0.0735 -0.0628057 
0.0736 -0.062776 
0.0737 -0.0627459 
0.0738 -0.0627152 
0.0739 -0.0626841 
0.074 -0.0626524 
0.0741 -0.0626204 
0.0742 -0.0625879 
0.0743 -0.062555 
0.0744 -0.0625217 
0.0745 -0.0624881 
0.0746 -0.0624541 
0.0747 -0.0624198 
0.0748 -0.0623852 
0.0749 -0.0623503 
0.075 -0.0623151 
0.0751 -0.0622797 
0.0752 -0.062244 
0.0753 -0.0622081 
0.0754 -0.062172 
0.0755 -0.0621357 
0.0756 -0.0620992 
0.0757 -0.0620625 
0.0758 -0.0620257 
0.0759 -0.0619887 
0.076 -0.0619515 
0.0761 -0.0619143 
0.0762 -0.0618769 
0.0763 -0.0618394 
0.0764 -0.0618019 
0.0765 -0.0617642 
0.0766 -0.0617265 
0.0767 -0.0616887 
0.0768 -0.0616508 
0.0769 -0.0616129 
0.077 -0.0615749 
0.0771 -0.0615369 
0.0772 -0.0614989 
0.0773 -0.0614608 
0.0774 -0.0614228 
0.0775 -0.0613847 
0.0776 -0.0613467 
0.0777 -0.0613086 
0.0778 -0.0612705 
0.0779 -0.0612325 
0.078 -0.0611945 
0.0781 -0.0611565 
0.0782 -0.0611185 
0.0783 -0.0610806 
0.0784 -0.0610428 
0.0785 -0.0610049 
0.0786 -0.0609672 
0.0787 -0.0609294 
0.0788 -0.0608918 
0.0789 -0.0608542 
0.079 -0.0608166 
0.0791 -0.0607792 
0.0792 -0.0607418 
0.0793 -0.0607044 
0.0794 -0.0606672 
0.0795 -0.06063 
0.0796 -0.060593 
0.0797 -0.060556 
0.0798 -0.0605191 
0.0799 -0.0604823 
0.08 -0.0604456 
0.0801 -0.0604089 
0.0802 -0.0603724 
0.0803 -0.060336 
0.0804 -0.0602996 
0.0805 -0.0602634 
0.0806 -0.0602273 
0.0807 -0.0601913 
0.0808 -0.0601554 
0.0809 -0.0601196 
0.081 -0.0600839 
0.0811 -0.0600483 
0.0812 -0.0600128 
0.0813 -0.0599774 
0.0814 -0.0599422 
0.0815 -0.059907 
0.0816 -0.059872 
0.0817 -0.0598371 
0.0818 -0.0598023 
0.0819 -0.0597676 
0.082 -0.059733 
0.0821 -0.0596985 
0.0822 -0.0596642 
0.0823 -0.0596299 
0.0824 -0.0595958 
0.0825 -0.0595618 
0.0826 -0.0595279 
0.0827 -0.0594941 
0.0828 -0.0594604 
0.0829 -0.0594268 
0.083 -0.0593934 
0.0831 -0.0593601 
0.0832 -0.0593268 
0.0833 -0.0592937 
0.0834 -0.0592607 
0.0835 -0.0592278 
0.0836 -0.059195 
0.0837 -0.0591623 
0.0838 -0.0591297 
0.0839 -0.0590973 
0.084 -0.0590649 
0.0841 -0.0590327 
0.0842 -0.0590005 
0.0843 -0.0589684 
0.0844 -0.0589365 
0.0845 -0.0589046 
0.0846 -0.0588729 
0.0847 -0.0588412 
0.0848 -0.0588097 
0.0849 -0.0587782 
0.085 -0.0587468 
0.0851 -0.0587156 
0.0852 -0.0586844 
0.0853 -0.0586533 
0.0854 -0.0586223 
0.0855 -0.0585914 
0.0856 -0.0585605 
0.0857 -0.0585298 
0.0858 -0.0584991 
0.0859 -0.0584685 
0.086 -0.058438 
0.0861 -0.0584076 
0.0862 -0.0583772 
0.0863 -0.058347 
0.0864 -0.0583168 
0.0865 -0.0582866 
0.0866 -0.0582566 
0.0867 -0.0582266 
0.0868 -0.0581966 
0.0869 -0.0581668 
0.087 -0.058137 
0.0871 -0.0581072 
0.0872 -0.0580776 
0.0873 -0.0580479 
0.0874 -0.0580183 
0.0875 -0.0579888 
0.0876 -0.0579593 
0.0877 -0.0579299 
0.0878 -0.0579005 
0.0879 -0.0578712 
0.088 -0.0578419 
0.0881 -0.0578126 
0.0882 -0.0577834 
0.0883 -0.0577542 
0.0884 -0.0577251 
0.0885 -0.0576959 
0.0886 -0.0576668 
0.0887 -0.0576378 
0.0888 -0.0576087 
0.0889 -0.0575797 
0.089 -0.0575506 
0.0891 -0.0575216 
0.0892 -0.0574926 
0.0893 -0.0574636 
0.0894 -0.0574346 
0.0895 -0.0574056 
0.0896 -0.0573767 
0.0897 -0.0573477 
0.0898 -0.0573187 
0.0899 -0.0572896 
0.09 -0.0572606 
0.0901 -0.0572316 
0.0902 -0.0572025 
0.0903 -0.0571734 
0.0904 -0.0571443 
0.0905 -0.0571151 
0.0906 -0.057086 
0.0907 -0.0570567 
0.0908 -0.0570275 
0.0909 -0.0569981 
0.091 -0.0569688 
0.0911 -0.0569393 
0.0912 -0.0569099 
0.0913 -0.0568803 
0.0914 -0.0568507 
0.0915 -0.056821 
0.0916 -0.0567912 
0.0917 -0.0567614 
0.0918 -0.0567314 
0.0919 -0.0567014 
0.092 -0.0566713 
0.0921 -0.056641 
0.0922 -0.0566107 
0.0923 -0.0565802 
0.0924 -0.0565497 
0.0925 -0.0565189 
0.0926 -0.0564881 
0.0927 -0.0564571 
0.0928 -0.056426 
0.0929 -0.0563947 
0.093 -0.0563632 
0.0931 -0.0563316 
0.0932 -0.0562998 
0.0933 -0.0562678 
0.0934 -0.0562357 
0.0935 -0.0562033 
0.0936 -0.0561707 
0.0937 -0.0561379 
0.0938 -0.0561048 
0.0939 -0.0560715 
0.094 -0.056038 
0.0941 -0.0560042 
0.0942 -0.0559701 
0.0943 -0.0559357 
0.0944 -0.0559011 
0.0945 -0.0558661 
0.0946 -0.0558308 
0.0947 -0.0557952 
0.0948 -0.0557592 
0.0949 -0.0557228 
0.095 -0.055686 
0.0951 -0.0556488 
0.0952 -0.0556113 
0.0953 -0.0555732 
0.0954 -0.0555347 
0.0955 -0.0554957 
0.0956 -0.0554562 
0.0957 -0.0554162 
0.0958 -0.0553756 
0.0959 -0.0553344 
0.096 -0.0552926 
0.0961 -0.0552502 
0.0962 -0.0552071 
0.0963 -0.0551632 
0.0964 -0.0551186 
0.0965 -0.0550733 
0.0966 -0.0550271 
0.0967 -0.05498 
0.0968 -0.054932 
0.0969 -0.054883 
0.097 -0.0548329 
0.0971 -0.0547818 
0.0972 -0.0547295 
0.0973 -0.054676 
0.0974 -0.0546212 
0.0975 -0.054565 
0.0976 -0.0545072 
0.0977 -0.0544479 
0.0978 -0.0543869 
0.0979 -0.0543241 
0.098 -0.0542593 
0.0981 -0.0541925 
0.0982 -0.0541233 
0.0983 -0.0540517 
0.0984 -0.0539775 
0.0985 -0.0539004 
0.0986 -0.0538201 
0.0987 -0.0537364 
0.0988 -0.053649 
0.0989 -0.0535574 
0.099 -0.0534612 
0.0991 -0.05336 
0.0992 -0.053253 
0.0993 -0.0531398 
0.0994 -0.0530193 
0.0995 -0.0528907 
0.0996 -0.0527529 
0.0997 -0.0526042 
0.0998 -0.0524431 
0.0999 -0.0522674 
0.1 -0.0520742 
0.1001 -0.05186 
0.1002 -0.0516202 
0.1003 -0.0513483 
0.1004 -0.0510356 
0.1005 -0.0506696 
0.1006 -0.0502317 
0.1007 -0.0496926 
0.1008 -0.049004 
0.1009 -0.048078 
0.101 -0.0467374 
0.1011 -0.0445616 
0.1012 -0.0402762 
0.1013 -0.0284243 
0.1014 0.00398158 
0.1015 0.0207096 
0.1016 0.0190217 
0.1017 0.0119673 
0.1018 0.00333197 
0.1019 -0.00527491 
0.102 -0.0130153 
0.1021 -0.0194162 
0.1022 -0.0243787 
0.1023 -0.0281857 
0.1024 -0.0312004 
0.1025 -0.0336973 
0.1026 -0.0358584 
0.1027 -0.0378008 
0.1028 -0.0395985 
0.1029 -0.0412952 
0.103 -0.0429126 
0.1031 -0.0444562 
0.1032 -0.0459207 
0.1033 -0.0472959 
0.1034 -0.048572 
0.1035 -0.0497436 
0.1036 -0.0508104 
0.1037 -0.0517771 
0.1038 -0.0526517 
0.1039 -0.0534436 
0.104 -0.0541623 
0.1041 -0.0548168 
0.1042 -0.0554151 
0.1043 -0.055964 
0.1044 -0.0564692 
0.1045 -0.0569357 
0.1046 -0.0573677 
0.1047 -0.0577688 
0.1048 -0.058142 
0.1049 -0.0584898 
0.105 -0.0588147 
0.1051 -0.0591185 
0.1052 -0.0594031 
0.1053 -0.0596699 
0.1054 -0.0599205 
0.1055 -0.0601558 
0.1056 -0.0603772 
0.1057 -0.0605855 
0.1058 -0.0607817 
0.1059 -0.0609665 
0.106 -0.0611407 
0.1061 -0.0613048 
0.1062 -0.0614596 
0.1063 -0.0616055 
0.1064 -0.0617431 
0.1065 -0.0618728 
0.1066 -0.0619951 
0.1067 -0.0621102 
0.1068 -0.0622187 
0.1069 -0.0623208 
0.107 -0.0624168 
0.1071 -0.062507 
0.1072 -0.0625918 
0.1073 -0.0626713 
0.1074 -0.0627458 
0.1075 -0.0628156 
0.1076 -0.0628808 
0.1077 -0.0629417 
0.1078 -0.0629984 
0.1079 -0.0630511 
0.108 -0.0631 
0.1081 -0.0631452 
0.1082 -0.063187 
0.1083 -0.0632254 
0.1084 -0.0632606 
0.1085 -0.0632928 
0.1086 -0.063322 
0.1087 -0.0633483 
0.1088 -0.063372 
0.1089 -0.063393 
0.109 -0.0634116 
0.1091 -0.0634278 
0.1092 -0.0634416 
0.1093 -0.0634533 
0.1094 -0.0634628 
0.1095 -0.0634703 
0.1096 -0.0634759 
0.1097 -0.0634796 
0.1098 -0.0634815 
0.1099 -0.0634816 
0.11 -0.0634801 
0.1101 -0.063477 
0.1102 -0.0634724 
0.1103 -0.0634663 
0.1104 -0.0634588 
0.1105 -0.06345 
0.1106 -0.0634398 
0.1107 -0.0634284 
0.1108 -0.0634158 
0.1109 -0.0634021 
0.111 -0.0633872 
0.1111 -0.0633713 
0.1112 -0.0633544 
0.1113 -0.0633365 
0.1114 -0.0633177 
0.1115 -0.063298 
0.1116 -0.0632774 
0.1117 -0.063256 
0.1118 -0.0632338 
0.1119 -0.0632109 
0.112 -0.0631872 
0.1121 -0.0631629 
0.1122 -0.0631379 
0.1123 -0.0631123 
0.1124 -0.0630861 
0.1125 -0.0630593 
0.1126 -0.0630319 
0.1127 -0.063004 
0.1128 -0.0629757 
0.1129 -0.0629468 
0.113 -0.0629175 
0.1131 -0.0628878 
0.1132 -0.0628576 
0.1133 -0.0628271 
0.1134 -0.0627962 
0.1135 -0.0627649 
0.1136 -0.0627333 
0.1137 -0.0627014 
0.1138 -0.0626692 
0.1139 -0.0626368 
0.114 -0.062604 
0.1141 -0.062571 
0.1142 -0.0625378 
0.1143 -0.0625044 
0.1144 -0.0624707 
0.1145 -0.0624369 
0.1146 -0.0624028 
0.1147 -0.0623686 
0.1148 -0.0623343 
0.1149 -0.0622998 
0.115 -0.0622652 
0.1151 -0.0622304 
0.1152 -0.0621956 
0.1153 -0.0621606 
0.1154 -0.0621256 
0.1155 -0.0620905 
0.1156 -0.0620553 
0.1157 -0.06202 
0.1158 -0.0619847 
0.1159 -0.0619494 
0.116 -0.061914 
0.1161 -0.0618785 
0.1162 -0.0618431 
0.1163 -0.0618076 
0.1164 -0.0617722 
0.1165 -0.0617367 
0.1166 -0.0617012 
0.1167 -0.0616658 
0.1168 -0.0616303 
0.1169 -0.0615949 
0.117 -0.0615595 
0.1171 -0.0615241 
0.1172 -0.0614888 
0.1173 -0.0614535 
0.1174 -0.0614183 
0.1175 -0.0613831 
0.1176 -0.061348 
0.1177 -0.0613129 
0.1178 -0.0612779 
0.1179 -0.0612429 
0.118 -0.0612081 
0.1181 -0.0611733 
0.1182 -0.0611385 
0.1183 -0.0611039 
0.1184 -0.0610693 
0.1185 -0.0610349 
0.1186 -0.0610005 
0.1187 -0.0609662 
0.1188 -0.060932 
0.1189 -0.0608979 
0.119 -0.0608639 
0.1191 -0.06083 
0.1192 -0.0607962 
0.1193 -0.0607625 
0.1194 -0.0607289 
0.1195 -0.0606955 
0.1196 -0.0606621 
0.1197 -0.0606288 
0.1198 -0.0605957 
0.1199 -0.0605626 
0.12 -0.0605297 
0.1201 -0.0604969 
0.1202 -0.0604642 
0.1203 -0.0604317 
0.1204 -0.0603992 
0.1205 -0.0603669 
0.1206 -0.0603347 
0.1207 -0.0603026 
0.1208 -0.0602706 
0.1209 -0.0602388 
0.121 -0.0602071 
0.1211 -0.0601755 
0.1212 -0.060144 
0.1213 -0.0601126 
0.1214 -0.0600814 
0.1215 -0.0600503 
0.1216 -0.0600193 
0.1217 -0.0599885 
0.1218 -0.0599577 
0.1219 -0.0599271 
0.122 -0.0598966 
0.1221 -0.0598663 
0.1222 -0.059836 
0.1223 -0.0598059 
0.1224 -0.0597759 
0.1225 -0.0597461 
0.1226 -0.0597163 
0.1227 -0.0596867 
0.1228 -0.0596572 
0.1229 -0.0596278 
0.123 -0.0595985 
0.1231 -0.0595694 
0.1232 -0.0595404 
0.1233 -0.0595115 
0.1234 -0.0594827 
0.1235 -0.059454 
0.1236 -0.0594255 
0.1237 -0.059397 
0.1238 -0.0593687 
0.1239 -0.0593405 
0.124 -0.0593124 
0.1241 -0.0592844 
0.1242 -0.0592566 
0.1243 -0.0592288 
0.1244 -0.0592012 
0.1245 -0.0591737 
0.1246 -0.0591462 
0.1247 -0.0591189 
0.1248 -0.0590917 
0.1249 -0.0590646 
0.125 -0.0590376 
0.1251 -0.0590107 
0.1252 -0.0589839 
0.1253 -0.0589572 
0.1254 -0.0589307 
0.1255 -0.0589042 
0.1256 -0.0588778 
0.1257 -0.0588515 
0.1258 -0.0588253 
0.1259 -0.0587992 
0.126 -0.0587732 
0.1261 -0.0587473 
0.1262 -0.0587215 
0.1263 -0.0586957 
0.1264 -0.0586701 
0.1265 -0.0586445 
0.1266 -0.0586191 
0.1267 -0.0585937 
0.1268 -0.0585684 
0.1269 -0.0585432 
0.127 -0.058518 
0.1271 -0.058493 
0.1272 -0.058468 
0.1273 -0.0584431 
0.1274 -0.0584183 
0.1275 -0.0583936 
0.1276 -0.0583689 
0.1277 -0.0583443 
0.1278 -0.0583198 
0.1279 -0.0582954 
0.128 -0.058271 
0.1281 -0.0582467 
0.1282 -0.0582224 
0.1283 -0.0581982 
0.1284 -0.0581741 
0.1285 -0.05815 
0.1286 -0.058126 
0.1287 -0.0581021 
0.1288 -0.0580782 
0.1289 -0.0580544 
0.129 -0.0580306 
0.1291 -0.0580069 
0.1292 -0.0579832 
0.1293 -0.0579596 
0.1294 -0.057936 
0.1295 -0.0579125 
0.1296 -0.057889 
0.1297 -0.0578656 
0.1298 -0.0578422 
0.1299 -0.0578188 
0.13 -0.0577955 
0.1301 -0.0577722 
0.1302 -0.0577489 
0.1303 -0.0577257 
0.1304 -0.0577025 
0.1305 -0.0576794 
0.1306 -0.0576563 
0.1307 -0.0576332 
0.1308 -0.0576101 
0.1309 -0.057587 
0.131 -0.057564 
0.1311 -0.057541 
0.1312 -0.057518 
0.1313 -0.057495 
0.1314 -0.0574721 
0.1315 -0.0574491 
0.1316 -0.0574262 
0.1317 -0.0574033 
0.1318 -0.0573803 
0.1319 -0.0573574 
0.132 -0.0573345 
0.1321 -0.0573116 
0.1322 -0.0572887 
0.1323 -0.0572657 
0.1324 -0.0572428 
0.1325 -0.0572199 
0.1326 -0.0571969 
0.1327 -0.0571739 
0.1328 -0.057151 
0.1329 -0.057128 
0.133 -0.0571049 
0.1331 -0.0570819 
0.1332 -0.0570588 
0.1333 -0.0570358 
0.1334 -0.0570126 
0.1335 -0.0569895 
0.1336 -0.0569663 
0.1337 -0.0569431 
0.1338 -0.0569198 
0.1339 -0.0568965 
0.134 -0.0568731 
0.1341 -0.0568497 
0.1342 -0.0568263 
0.1343 -0.0568028 
0.1344 -0.0567792 
0.1345 -0.0567556 
0.1346 -0.0567319 
0.1347 -0.0567082 
0.1348 -0.0566843 
0.1349 -0.0566604 
0.135 -0.0566364 
0.1351 -0.0566124 
0.1352 -0.0565882 
0.1353 -0.056564 
0.1354 -0.0565397 
0.1355 -0.0565153 
0.1356 -0.0564908 
0.1357 -0.0564661 
0.1358 -0.0564414 
0.1359 -0.0564165 
0.136 -0.0563916 
0.1361 -0.0563665 
0.1362 -0.0563413 
0.1363 -0.0563159 
0.1364 -0.0562905 
0.1365 -0.0562648 
0.1366 -0.056239 
0.1367 -0.0562131 
0.1368 -0.056187 
0.1369 -0.0561608 
0.137 -0.0561344 
0.1371 -0.0561077 
0.1372 -0.056081 
0.1373 -0.056054 
0.1374 -0.0560268 
0.1375 -0.0559994 
0.1376 -0.0559718 
0.1377 -0.055944 
0.1378 -0.0559159 
0.1379 -0.0558876 
0.138 -0.0558591 
0.1381 -0.0558303 
0.1382 -0.0558012 
0.1383 -0.0557719 
0.1384 -0.0557422 
0.1385 -0.0557123 
0.1386 -0.0556821 
0.1387 -0.0556515 
0.1388 -0.0556206 
0.1389 -0.0555893 
0.139 -0.0555577 
0.1391 -0.0555257 
0.1392 -0.0554933 
0.1393 -0.0554605 
0.1394 -0.0554273 
0.1395 -0.0553937 
0.1396 -0.0553595 
0.1397 -0.0553249 
0.1398 -0.0552898 
0.1399 -0.0552542 
0.14 -0.055218 
0.1401 -0.0551812 
0.1402 -0.0551438 
0.1403 -0.0551058 
0.1404 -0.0550672 
0.1405 -0.0550278 
0.1406 -0.0549878 
0.1407 -0.0549469 
0.1408 -0.0549053 
0.1409 -0.0548628 
0.141 -0.0548195 
0.1411 -0.0547752 
0.1412 -0.0547299 
0.1413 -0.0546836 
0.1414 -0.0546362 
0.1415 -0.0545877 
0.1416 -0.0545379 
0.1417 -0.0544868 
0.1418 -0.0544343 
0.1419 -0.0543803 
0.142 -0.0543248 
0.1421 -0.0542675 
0.1422 -0.0542085 
0.1423 -0.0541476 
0.1424 -0.0540845 
0.1425 -0.0540193 
0.1426 -0.0539516 
0.1427 -0.0538813 
0.1428 -0.0538082 
0.1429 -0.053732 
0.143 -0.0536525 
0.1431 -0.0535692 
0.1432 -0.0534819 
0.1433 -0.0533902 
0.1434 -0.0532935 
0.1435 -0.0531912 
0.1436 -0.0530828 
0.1437 -0.0529674 
0.1438 -0.0528441 
0.1439 -0.0527118 
0.144 -0.0525692 
0.1441 -0.0524145 
0.1442 -0.0522457 
0.1443 -0.0520601 
0.1444 -0.0518545 
0.1445 -0.0516244 
0.1446 -0.0513639 
0.1447 -0.0510649 
0.1448 -0.0507158 
0.1449 -0.0502997 
0.145 -0.0497903 
0.1451 -0.0491446 
0.1452 -0.0482863 
0.1453 -0.0470658 
0.1454 -0.0451421 
0.1455 -0.0415471 
0.1456 -0.0324495 
0.1457 -0.00398449 
0.1458 0.0193167 
0.1459 0.0199966 
0.146 0.0136585 
0.1461 0.00518404 
0.1462 -0.00353085 
0.1463 -0.0115246 
0.1464 -0.018253 
0.1465 -0.023522 
0.1466 -0.0275573 
0.1467 -0.0307302 
0.1468 -0.0333376 
0.1469 -0.0355782 
0.147 -0.03758 
0.1471 -0.0394235 
0.1472 -0.0411565 
0.1473 -0.0428035 
0.1474 -0.0443713 
0.1475 -0.0458557 
0.1476 -0.0472469 
0.1477 -0.0485358 
0.1478 -0.0497171 
0.1479 -0.0507914 
0.148 -0.0517637 
0.1481 -0.0526426 
0.1482 -0.0534377 
0.1483 -0.054159 
0.1484 -0.0548157 
0.1485 -0.0554158 
0.1486 -0.0559662 
0.1487 -0.0564728 
0.1488 -0.0569407 
0.1489 -0.0573739 
0.149 -0.0577761 
0.1491 -0.0581504 
0.1492 -0.0584993 
0.1493 -0.0588252 
0.1494 -0.05913 
0.1495 -0.0594155 
0.1496 -0.0596833 
0.1497 -0.0599347 
0.1498 -0.060171 
0.1499 -0.0603932 
0.15 -0.0606023 
0.1501 -0.0607993 
0.1502 -0.0609849 
0.1503 -0.0611598 
0.1504 -0.0613247 
0.1505 -0.0614802 
0.1506 -0.0616268 
0.1507 -0.0617651 
0.1508 -0.0618955 
0.1509 -0.0620184 
0.151 -0.0621342 
0.1511 -0.0622433 
0.1512 -0.062346 
0.1513 -0.0624426 
0.1514 -0.0625334 
0.1515 -0.0626188 
0.1516 -0.0626989 
0.1517 -0.062774 
0.1518 -0.0628444 
0.1519 -0.0629101 
0.152 -0.0629715 
0.1521 -0.0630288 
0.1522 -0.063082 
0.1523 -0.0631315 
0.1524 -0.0631773 
0.1525 -0.0632196 
0.1526 -0.0632585 
0.1527 -0.0632943 
0.1528 -0.0633269 
0.1529 -0.0633566 
0.153 -0.0633835 
0.1531 -0.0634077 
0.1532 -0.0634293 
0.1533 -0.0634483 
0.1534 -0.063465 
0.1535 -0.0634794 
0.1536 -0.0634915 
0.1537 -0.0635016 
0.1538 -0.0635096 
0.1539 -0.0635157 
0.154 -0.0635198 
0.1541 -0.0635222 
0.1542 -0.0635229 
0.1543 -0.0635219 
0.1544 -0.0635193 
0.1545 -0.0635151 
0.1546 -0.0635095 
0.1547 -0.0635025 
0.1548 -0.0634942 
0.1549 -0.0634845 
0.155 -0.0634736 
0.1551 -0.0634615 
0.1552 -0.0634482 
0.1553 -0.0634339 
0.1554 -0.0634185 
0.1555 -0.063402 
0.1556 -0.0633847 
0.1557 -0.0633663 
0.1558 -0.0633471 
0.1559 -0.063327 
0.156 -0.0633061 
0.1561 -0.0632844 
0.1562 -0.063262 
0.1563 -0.0632388 
0.1564 -0.063215 
0.1565 -0.0631905 
0.1566 -0.0631653 
0.1567 -0.0631396 
0.1568 -0.0631133 
0.1569 -0.0630864 
0.157 -0.0630591 
0.1571 -0.0630312 
0.1572 -0.0630028 
0.1573 -0.062974 
0.1574 -0.0629447 
0.1575 -0.0629151 
0.1576 -0.062885 
0.1577 -0.0628546 
0.1578 -0.0628239 
0.1579 -0.0627928 
0.158 -0.0627614 
0.1581 -0.0627296 
0.1582 -0.0626977 
0.1583 -0.0626654 
0.1584 -0.0626329 
0.1585 -0.0626001 
0.1586 -0.0625672 
0.1587 -0.062534 
0.1588 -0.0625007 
0.1589 -0.0624671 
0.159 -0.0624334 
0.1591 -0.0623995 
0.1592 -0.0623655 
0.1593 -0.0623314 
0.1594 -0.0622971 
0.1595 -0.0622628 
0.1596 -0.0622283 
0.1597 -0.0621937 
0.1598 -0.0621591 
0.1599 -0.0621244 
0.16 -0.0620896 
0.1601 -0.0620548 
0.1602 -0.0620199 
0.1603 -0.061985 
0.1604 -0.06195 
0.1605 -0.061915 
0.1606 -0.06188 
0.1607 -0.061845 
0.1608 -0.06181 
0.1609 -0.061775 
0.161 -0.0617401 
0.1611 -0.0617051 
0.1612 -0.0616701 
0.1613 -0.0616352 
0.1614 -0.0616003 
0.1615 -0.0615654 
0.1616 -0.0615306 
0.1617 -0.0614959 
0.1618 -0.0614611 
0.1619 -0.0614265 
0.162 -0.0613919 
0.1621 -0.0613573 
0.1622 -0.0613228 
0.1623 -0.0612884 
0.1624 -0.0612541 
0.1625 -0.0612198 
0.1626 -0.0611857 
0.1627 -0.0611516 
0.1628 -0.0611176 
0.1629 -0.0610836 
0.163 -0.0610498 
0.1631 -0.0610161 
0.1632 -0.0609824 
0.1633 -0.0609489 
0.1634 -0.0609154 
0.1635 -0.0608821 
0.1636 -0.0608489 
0.1637 -0.0608157 
0.1638 -0.0607827 
0.1639 -0.0607498 
0.164 -0.060717 
0.1641 -0.0606843 
0.1642 -0.0606517 
0.1643 -0.0606192 
0.1644 -0.0605869 
0.1645 -0.0605547 
0.1646 -0.0605226 
0.1647 -0.0604906 
0.1648 -0.0604587 
0.1649 -0.0604269 
0.165 -0.0603953 
0.1651 -0.0603638 
0.1652 -0.0603324 
0.1653 -0.0603011 
0.1654 -0.06027 
0.1655 -0.060239 
0.1656 -0.0602081 
0.1657 -0.0601773 
0.1658 -0.0601466 
0.1659 -0.0601161 
0.166 -0.0600857 
0.1661 -0.0600554 
0.1662 -0.0600253 
0.1663 -0.0599952 
0.1664 -0.0599653 
0.1665 -0.0599356 
0.1666 -0.0599059 
0.1667 -0.0598764 
0.1668 -0.0598469 
0.1669 -0.0598177 
0.167 -0.0597885 
0.1671 -0.0597595 
0.1672 -0.0597305 
0.1673 -0.0597017 
0.1674 -0.0596731 
0.1675 -0.0596445 
0.1676 -0.0596161 
0.1677 -0.0595877 
0.1678 -0.0595595 
0.1679 -0.0595315 
0.168 -0.0595035 
0.1681 -0.0594757 
0.1682 -0.0594479 
0.1683 -0.0594203 
0.1684 -0.0593928 
0.1685 -0.0593654 
0.1686 -0.0593381 
0.1687 -0.059311 
0.1688 -0.0592839 
0.1689 -0.059257 
0.169 -0.0592302 
0.1691 -0.0592034 
0.1692 -0.0591768 
0.1693 -0.0591503 
0.1694 -0.0591239 
0.1695 -0.0590976 
0.1696 -0.0590714 
0.1697 -0.0590453 
0.1698 -0.0590194 
0.1699 -0.0589935 
0.17 -0.0589677 
0.1701 -0.058942 
0.1702 -0.0589164 
0.1703 -0.0588909 
0.1704 -0.0588655 
0.1705 -0.0588402 
0.1706 -0.058815 
0.1707 -0.0587899 
0.1708 -0.0587649 
0.1709 -0.0587399 
0.171 -0.0587151 
0.1711 -0.0586903 
0.1712 -0.0586657 
0.1713 -0.0586411 
0.1714 -0.0586166 
0.1715 -0.0585922 
0.1716 -0.0585678 
0.1717 -0.0585436 
0.1718 -0.0585194 
0.1719 -0.0584953 
0.172 -0.0584713 
0.1721 -0.0584473 
0.1722 -0.0584235 
0.1723 -0.0583997 
0.1724 -0.0583759 
0.1725 -0.0583523 
0.1726 -0.0583287 
0.1727 -0.0583052 
0.1728 -0.0582817 
0.1729 -0.0582583 
0.173 -0.058235 
0.1731 -0.0582117 
0.1732 -0.0581886 
0.1733 -0.0581654 
0.1734 -0.0581423 
0.1735 -0.0581193 
0.1736 -0.0580963 
0.1737 -0.0580734 
0.1738 -0.0580506 
0.1739 -0.0580278 
0.174 -0.058005 
0.1741 -0.0579823 
0.1742 -0.0579596 
0.1743 -0.057937 
0.1744 -0.0579144 
0.1745 -0.0578919 
0.1746 -0.0578694 
0.1747 -0.057847 
0.1748 -0.0578246 
0.1749 -0.0578022 
0.175 -0.0577798 
0.1751 -0.0577575 
0.1752 -0.0577353 
0.1753 -0.057713 
0.1754 -0.0576908 
0.1755 -0.0576686 
0.1756 -0.0576465 
0.1757 -0.0576243 
0.1758 -0.0576022 
0.1759 -0.0575801 
0.176 -0.057558 
0.1761 -0.057536 
0.1762 -0.0575139 
0.1763 -0.0574919 
0.1764 -0.0574699 
0.1765 -0.0574479 
0.1766 -0.0574259 
0.1767 -0.0574039 
0.1768 -0.0573819 
0.1769 -0.0573599 
0.177 -0.057338 
0.1771 -0.057316 
0.1772 -0.057294 
0.1773 -0.057272 
0.1774 -0.05725 
0.1775 -0.057228 
0.1776 -0.057206 
0.1777 -0.057184 
0.1778 -0.0571619 
0.1779 -0.0571399 
0.178 -0.0571178 
0.1781 -0.0570957 
0.1782 -0.0570736 
0.1783 -0.0570514 
0.1784 -0.0570293 
0.1785 -0.0570071 
0.1786 -0.0569848 
0.1787 -0.0569626 
0.1788 -0.0569402 
0.1789 -0.0569179 
0.179 -0.0568955 
0.1791 -0.0568731 
0.1792 -0.0568506 
0.1793 -0.0568281 
0.1794 -0.0568055 
0.1795 -0.0567828 
0.1796 -0.0567601 
0.1797 -0.0567374 
0.1798 -0.0567145 
0.1799 -0.0566916 
0.18 -0.0566687 
0.1801 -0.0566456 
0.1802 -0.0566225 
0.1803 -0.0565993 
0.1804 -0.056576 
0.1805 -0.0565526 
0.1806 -0.0565292 
0.1807 -0.0565056 
0.1808 -0.0564819 
0.1809 -0.0564582 
0.181 -0.0564343 
0.1811 -0.0564103 
0.1812 -0.0563862 
0.1813 -0.056362 
0.1814 -0.0563377 
0.1815 -0.0563132 
0.1816 -0.0562886 
0.1817 -0.0562638 
0.1818 -0.0562389 
0.1819 -0.0562139 
0.182 -0.0561887 
0.1821 -0.0561633 
0.1822 -0.0561378 
0.1823 -0.0561121 
0.1824 -0.0560862 
0.1825 -0.0560602 
0.1826 -0.0560339 
0.1827 -0.0560075 
0.1828 -0.0559808 
0.1829 -0.0559539 
0.183 -0.0559269 
0.1831 -0.0558995 
0.1832 -0.055872 
0.1833 -0.0558442 
0.1834 -0.0558161 
0.1835 -0.0557878 
0.1836 -0.0557592 
0.1837 -0.0557303 
0.1838 -0.0557011 
0.1839 -0.0556716 
0.184 -0.0556418 
0.1841 -0.0556117 
0.1842 -0.0555812 
0.1843 -0.0555503 
0.1844 -0.0555191 
0.1845 -0.0554875 
0.1846 -0.0554555 
0.1847 -0.0554231 
0.1848 -0.0553903 
0.1849 -0.055357 
0.185 -0.0553232 
0.1851 -0.0552889 
0.1852 -0.0552541 
0.1853 -0.0552188 
0.1854 -0.0551829 
0.1855 -0.0551465 
0.1856 -0.0551094 
0.1857 -0.0550717 
0.1858 -0.0550333 
0.1859 -0.0549942 
0.186 -0.0549544 
0.1861 -0.0549138 
0.1862 -0.0548723 
0.1863 -0.0548301 
0.1864 -0.0547869 
0.1865 -0.0547428 
0.1866 -0.0546977 
0.1867 -0.0546515 
0.1868 -0.0546042 
0.1869 -0.0545557 
0.187 -0.054506 
0.1871 -0.054455 
0.1872 -0.0544025 
0.1873 -0.0543485 
0.1874 -0.0542929 
0.1875 -0.0542356 
0.1876 -0.0541765 
0.1877 -0.0541154 
0.1878 -0.0540522 
0.1879 -0.0539866 
0.188 -0.0539187 
0.1881 -0.053848 
0.1882 -0.0537745 
0.1883 -0.0536978 
0.1884 -0.0536176 
0.1885 -0.0535337 
0.1886 -0.0534456 
0.1887 -0.0533529 
0.1888 -0.0532551 
0.1889 -0.0531516 
0.189 -0.0530417 
0.1891 -0.0529246 
0.1892 -0.0527994 
0.1893 -0.0526647 
0.1894 -0.0525193 
0.1895 -0.0523613 
0.1896 -0.0521885 
0.1897 -0.0519981 
0.1898 -0.0517866 
0.1899 -0.0515491 
0.19 -0.0512792 
0.1901 -0.050968 
0.1902 -0.0506026 
0.1903 -0.0501641 
0.1904 -0.0496224 
0.1905 -0.0489275 
0.1906 -0.0479886 
0.1907 -0.0466206 
0.1908 -0.0443796 
0.1909 -0.0398971 
0.191 -0.0272202 
0.1911 0.00570028 
0.1912 0.0208054 
0.1913 0.0186089 
0.1914 0.0113823 
0.1915 0.00269636 
0.1916 -0.00590047 
0.1917 -0.0135936 
0.1918 -0.0199224 
0.1919 -0.0254755 
0.192 -0.0291415 
0.1921 -0.0320205 
0.1922 -0.0344246 
0.1923 -0.0365302 
0.1924 -0.0384429 
0.1925 -0.0402266 
0.1926 -0.0419164 
0.1927 -0.0435271 
0.1928 -0.0450587 
0.1929 -0.0465031 
0.193 -0.0478497 
0.1931 -0.0490906 
0.1932 -0.0502229 
0.1933 -0.0512494 
0.1934 -0.0521771 
0.1935 -0.0530154 
0.1936 -0.0537743 
0.1937 -0.0544637 
0.1938 -0.0550922 
0.1939 -0.0556675 
0.194 -0.056196 
0.1941 -0.0566833 
0.1942 -0.0571338 
0.1943 -0.0575516 
0.1944 -0.0579399 
0.1945 -0.0583016 
0.1946 -0.0586391 
0.1947 -0.0589546 
0.1948 -0.0592499 
0.1949 -0.0595268 
0.195 -0.0597866 
0.1951 -0.0600306 
0.1952 -0.0602601 
0.1953 -0.060476 
0.1954 -0.0606793 
0.1955 -0.0608708 
0.1956 -0.0610513 
0.1957 -0.0612215 
0.1958 -0.061382 
0.1959 -0.0615333 
0.196 -0.061676 
0.1961 -0.0618106 
0.1962 -0.0619375 
0.1963 -0.0620571 
0.1964 -0.0621697 
0.1965 -0.0622759 
0.1966 -0.0623758 
0.1967 -0.0624698 
0.1968 -0.0625581 
0.1969 -0.0626411 
0.197 -0.0627189 
0.1971 -0.0627918 
0.1972 -0.0628601 
0.1973 -0.0629239 
0.1974 -0.0629835 
0.1975 -0.0630389 
0.1976 -0.0630905 
0.1977 -0.0631383 
0.1978 -0.0631825 
0.1979 -0.0632233 
0.198 -0.0632609 
0.1981 -0.0632952 
0.1982 -0.0633266 
0.1983 -0.0633551 
0.1984 -0.0633808 
0.1985 -0.0634038 
0.1986 -0.0634243 
0.1987 -0.0634423 
0.1988 -0.063458 
0.1989 -0.0634714 
0.199 -0.0634827 
0.1991 -0.0634918 
0.1992 -0.063499 
0.1993 -0.0635043 
0.1994 -0.0635077 
0.1995 -0.0635094 
0.1996 -0.0635093 
0.1997 -0.0635077 
0.1998 -0.0635044 
0.1999 -0.0634997 
0.2 -0.0634935 
0.2001 -0.0634859 
0.2002 -0.0634771 
0.2003 -0.0634669 
0.2004 -0.0634555 
0.2005 -0.0634429 
0.2006 -0.0634292 
0.2007 -0.0634145 
0.2008 -0.0633987 
0.2009 -0.0633819 
0.201 -0.0633641 
0.2011 -0.0633454 
0.2012 -0.0633259 
0.2013 -0.0633055 
0.2014 -0.0632843 
0.2015 -0.0632623 
0.2016 -0.0632396 
0.2017 -0.0632162 
0.2018 -0.0631921 
0.2019 -0.0631674 
0.202 -0.063142 
0.2021 -0.0631161 
0.2022 -0.0630896 
0.2023 -0.0630625 
0.2024 -0.063035 
0.2025 -0.0630069 
0.2026 -0.0629784 
0.2027 -0.0629495 
0.2028 -0.0629201 
0.2029 -0.0628903 
0.203 -0.0628602 
0.2031 -0.0628296 
0.2032 -0.0627988 
0.2033 -0.0627676 
0.2034 -0.0627361 
0.2035 -0.0627043 
0.2036 -0.0626722 
0.2037 -0.0626399 
0.2038 -0.0626073 
0.2039 -0.0625745 
0.204 -0.0625415 
0.2041 -0.0625083 
0.2042 -0.0624749 
0.2043 -0.0624413 
0.2044 -0.0624076 
0.2045 -0.0623737 
0.2046 -0.0623397 
0.2047 -0.0623055 
0.2048 -0.0622712 
0.2049 -0.0622368 
0.205 -0.0622024 
0.2051 -0.0621678 
0.2052 -0.0621332 
0.2053 -0.0620984 
0.2054 -0.0620637 
0.2055 -0.0620288 
0.2056 -0.061994 
0.2057 -0.0619591 
0.2058 -0.0619241 
0.2059 -0.0618892 
0.206 -0.0618542 
0.2061 -0.0618192 
0.2062 -0.0617843 
0.2063 -0.0617493 
0.2064 -0.0617143 
0.2065 -0.0616794 
0.2066 -0.0616445 
0.2067 -0.0616096 
0.2068 -0.0615747 
0.2069 -0.0615399 
0.207 -0.0615051 
0.2071 -0.0614704 
0.2072 -0.0614357 
0.2073 -0.061401 
0.2074 -0.0613665 
0.2075 -0.061332 
0.2076 -0.0612975 
0.2077 -0.0612631 
0.2078 -0.0612289 
0.2079 -0.0611946 
0.208 -0.0611605 
0.2081 -0.0611264 
0.2082 -0.0610925 
0.2083 -0.0610586 
0.2084 -0.0610248 
0.2085 -0.0609911 
0.2086 -0.0609575 
0.2087 -0.060924 
0.2088 -0.0608906 
0.2089 -0.0608573 
0.209 -0.0608241 
0.2091 -0.060791 
0.2092 -0.060758 
0.2093 -0.0607251 
0.2094 -0.0606924 
0.2095 -0.0606597 
0.2096 -0.0606272 
0.2097 -0.0605947 
0.2098 -0.0605624 
0.2099 -0.0605302 
0.21 -0.0604981 
0.2101 -0.0604662 
0.2102 -0.0604343 
0.2103 -0.0604026 
0.2104 -0.060371 
0.2105 -0.0603395 
0.2106 -0.0603082 
0.2107 -0.0602769 
0.2108 -0.0602458 
0.2109 -0.0602148 
0.211 -0.0601839 
0.2111 -0.0601532 
0.2112 -0.0601225 
0.2113 -0.060092 
0.2114 -0.0600616 
0.2115 -0.0600314 
0.2116 -0.0600012 
0.2117 -0.0599712 
0.2118 -0.0599413 
0.2119 -0.0599116 
0.212 -0.0598819 
0.2121 -0.0598524 
0.2122 -0.059823 
0.2123 -0.0597937 
0.2124 -0.0597646 
0.2125 -0.0597355 
0.2126 -0.0597066 
0.2127 -0.0596778 
0.2128 -0.0596491 
0.2129 -0.0596206 
0.213 -0.0595921 
0.2131 -0.0595638 
0.2132 -0.0595356 
0.2133 -0.0595075 
0.2134 -0.0594795 
0.2135 -0.0594517 
0.2136 -0.0594239 
0.2137 -0.0593963 
0.2138 -0.0593688 
0.2139 -0.0593414 
0.214 -0.0593141 
0.2141 -0.0592869 
0.2142 -0.0592598 
0.2143 -0.0592329 
0.2144 -0.059206 
0.2145 -0.0591793 
0.2146 -0.0591526 
0.2147 -0.0591261 
0.2148 -0.0590996 
0.2149 -0.0590733 
0.215 -0.0590471 
0.2151 -0.059021 
0.2152 -0.0589949 
0.2153 -0.058969 
0.2154 -0.0589432 
0.2155 -0.0589175 
0.2156 -0.0588918 
0.2157 -0.0588663 
0.2158 -0.0588408 
0.2159 -0.0588155 
0.216 -0.0587902 
0.2161 -0.058765 
0.2162 -0.05874 
0.2163 -0.058715 
0.2164 -0.0586901 
0.2165 -0.0586652 
0.2166 -0.0586405 
0.2167 -0.0586158 
0.2168 -0.0585913 
0.2169 -0.0585668 
0.217 -0.0585424 
0.2171 -0.058518 
0.2172 -0.0584938 
0.2173 -0.0584696 
0.2174 -0.0584455 
0.2175 -0.0584215 
0.2176 -0.0583975 
0.2177 -0.0583736 
0.2178 -0.0583498 
0.2179 -0.0583261 
0.218 -0.0583024 
0.2181 -0.0582788 
0.2182 -0.0582552 
0.2183 -0.0582317 
0.2184 -0.0582083 
0.2185 -0.0581849 
0.2186 -0.0581616 
0.2187 -0.0581384 
0.2188 -0.0581152 
0.2189 -0.058092 
0.219 -0.0580689 
0.2191 -0.0580459 
0.2192 -0.0580229 
0.2193 -0.058 
0.2194 -0.0579771 
0.2195 -0.0579543 
0.2196 -0.0579315 
0.2197 -0.0579087 
0.2198 -0.057886 
0.2199 -0.0578633 
0.22 -0.0578407 
0.2201 -0.0578181 
0.2202 -0.0577955 
0.2203 -0.057773 
0.2204 -0.0577505 
0.2205 -0.057728 
0.2206 -0.0577056 
0.2207 -0.0576832 
0.2208 -0.0576608 
0.2209 -0.0576384 
0.221 -0.0576161 
0.2211 -0.0575938 
0.2212 -0.0575715 
0.2213 -0.0575492 
0.2214 -0.0575269 
0.2215 -0.0575047 
0.2216 -0.0574825 
0.2217 -0.0574602 
0.2218 -0.057438 
0.2219 -0.0574158 
0.222 -0.0573936 
0.2221 -0.0573714 
0.2222 -0.0573492 
0.2223 -0.057327 
0.2224 -0.0573048 
0.2225 -0.0572826 
0.2226 -0.0572603 
0.2227 -0.0572381 
0.2228 -0.0572159 
0.2229 -0.0571936 
0.223 -0.0571714 
0.2231 -0.0571491 
0.2232 -0.0571268 
0.2233 -0.0571045 
0.2234 -0.0570821 
0.2235 -0.0570597 
0.2236 -0.0570373 
0.2237 -0.0570149 
0.2238 -0.0569924 
0.2239 -0.0569699 
0.224 -0.0569474 
0.2241 -0.0569248 
0.2242 -0.0569022 
0.2243 -0.0568795 
0.2244 -0.0568568 
0.2245 -0.056834 
0.2246 -0.0568112 
0.2247 -0.0567883 
0.2248 -0.0567654 
0.2249 -0.0567424 
0.225 -0.0567193 
0.2251 -0.0566962 
0.2252 -0.0566729 
0.2253 -0.0566496 
0.2254 -0.0566263 
0.2255 -0.0566028 
0.2256 -0.0565793 
0.2257 -0.0565557 
0.2258 -0.0565319 
0.2259 -0.0565081 
0.226 -0.0564842 
0.2261 -0.0564602 
0.2262 -0.056436 
0.2263 -0.0564118 
0.2264 -0.0563874 
0.2265 -0.0563629 
0.2266 -0.0563383 
0.2267 -0.0563136 
0.2268 -0.0562887 
0.2269 -0.0562637 
0.227 -0.0562385 
0.2271 -0.0562132 
0.2272 -0.0561877 
0.2273 -0.056162 
0.2274 -0.0561362 
0.2275 -0.0561102 
0.2276 -0.056084 
0.2277 -0.0560577 
0.2278 -0.0560311 
0.2279 -0.0560043 
0.228 -0.0559773 
0.2281 -0.0559501 
0.2282 -0.0559227 
0.2283 -0.0558951 
0.2284 -0.0558672 
0.2285 -0.055839 
0.2286 -0.0558106 
0.2287 -0.0557819 
0.2288 -0.0557529 
0.2289 -0.0557237 
0.229 -0.0556941 
0.2291 -0.0556642 
0.2292 -0.055634 
0.2293 -0.0556035 
0.2294 -0.0555726 
0.2295 -0.0555413 
0.2296 -0.0555097 
0.2297 -0.0554776 
0.2298 -0.0554452 
0.2299 -0.0554123 
0.23 -0.055379 
0.2301 -0.0553452 
0.2302 -0.0553109 
0.2303 -0.0552761 
0.2304 -0.0552408 
0.2305 -0.0552049 
0.2306 -0.0551685 
0.2307 -0.0551314 
0.2308 -0.0550938 
0.2309 -0.0550554 
0.231 -0.0550164 
0.2311 -0.0549766 
0.2312 -0.0549361 
0.2313 -0.0548948 
0.2314 -0.0548526 
0.2315 -0.0548096 
0.2316 -0.0547656 
0.2317 -0.0547206 
0.2318 -0.0546746 
0.2319 -0.0546275 
0.232 -0.0545793 
0.2321 -0.0545298 
0.2322 -0.054479 
0.2323 -0.0544268 
0.2324 -0.0543731 
0.2325 -0.0543179 
0.2326 -0.054261 
0.2327 -0.0542022 
0.2328 -0.0541416 
0.2329 -0.0540789 
0.233 -0.0540139 
0.2331 -0.0539466 
0.2332 -0.0538766 
0.2333 -0.0538038 
0.2334 -0.053728 
0.2335 -0.0536488 
0.2336 -0.0535659 
0.2337 -0.053479 
0.2338 -0.0533876 
0.2339 -0.0532913 
0.234 -0.0531894 
0.2341 -0.0530815 
0.2342 -0.0529665 
0.2343 -0.0528437 
0.2344 -0.052712 
0.2345 -0.0525699 
0.2346 -0.0524158 
0.2347 -0.0522478 
0.2348 -0.0520631 
0.2349 -0.0518584 
0.235 -0.0516294 
0.2351 -0.0513702 
0.2352 -0.0510729 
0.2353 -0.0507259 
0.2354 -0.0503126 
0.2355 -0.0498071 
0.2356 -0.0491672 
0.2357 -0.048318 
0.2358 -0.0471137 
0.2359 -0.0452234 
0.236 -0.0417165 
0.2361 -0.0329552 
0.2362 -0.00523168 
0.2363 0.0190265 
0.2364 0.0201209 
0.2365 0.013899 
0.2366 0.00544348 
0.2367 -0.00329991 
0.2368 -0.0113467 
0.2369 -0.0181386 
0.237 -0.0234663 
0.2371 -0.0275483 
0.2372 -0.0307582 
0.2373 -0.0333963 
0.2374 -0.0356637 
0.2375 -0.037689 
0.2376 -0.0395529 
0.2377 -0.0413028 
0.2378 -0.0429621 
0.2379 -0.044537 
0.238 -0.0460229 
0.2381 -0.0474108 
0.2382 -0.048692 
0.2383 -0.0498628 
0.2384 -0.0509251 
0.2385 -0.0518852 
0.2386 -0.0527523 
0.2387 -0.0535366 
0.2388 -0.0542481 
0.2389 -0.054896 
0.239 -0.0554883 
0.2391 -0.0560319 
0.2392 -0.0565325 
0.2393 -0.056995 
0.2394 -0.0574235 
0.2395 -0.0578215 
0.2396 -0.0581919 
0.2397 -0.0585374 
0.2398 -0.0588603 
0.2399 -0.0591623 
0.24 -0.0594453 
0.2401 -0.0597108 
0.2402 -0.0599602 
0.2403 -0.0601945 
0.2404 -0.060415 
0.2405 -0.0606225 
0.2406 -0.060818 
0.2407 -0.0610022 
0.2408 -0.0611758 
0.2409 -0.0613395 
0.241 -0.0614939 
0.2411 -0.0616395 
0.2412 -0.0617768 
0.2413 -0.0619062 
0.2414 -0.0620282 
0.2415 -0.0621432 
0.2416 -0.0622515 
0.2417 -0.0623535 
0.2418 -0.0624494 
0.2419 -0.0625396 
0.242 -0.0626243 
0.2421 -0.0627038 
0.2422 -0.0627784 
0.2423 -0.0628482 
0.2424 -0.0629134 
0.2425 -0.0629743 
0.2426 -0.0630311 
0.2427 -0.0630839 
0.2428 -0.0631329 
0.2429 -0.0631782 
0.243 -0.0632201 
0.2431 -0.0632587 
0.2432 -0.063294 
0.2433 -0.0633263 
0.2434 -0.0633557 
0.2435 -0.0633822 
0.2436 -0.063406 
0.2437 -0.0634273 
0.2438 -0.0634461 
0.2439 -0.0634624 
0.244 -0.0634765 
0.2441 -0.0634884 
0.2442 -0.0634982 
0.2443 -0.0635059 
0.2444 -0.0635117 
0.2445 -0.0635157 
0.2446 -0.0635178 
0.2447 -0.0635182 
0.2448 -0.063517 
0.2449 -0.0635142 
0.245 -0.0635098 
0.2451 -0.063504 
0.2452 -0.0634968 
0.2453 -0.0634882 
0.2454 -0.0634784 
0.2455 -0.0634673 
0.2456 -0.063455 
0.2457 -0.0634416 
0.2458 -0.063427 
0.2459 -0.0634114 
0.246 -0.0633949 
0.2461 -0.0633773 
0.2462 -0.0633588 
0.2463 -0.0633394 
0.2464 -0.0633192 
0.2465 -0.0632981 
0.2466 -0.0632763 
0.2467 -0.0632537 
0.2468 -0.0632304 
0.2469 -0.0632064 
0.247 -0.0631818 
0.2471 -0.0631565 
0.2472 -0.0631306 
0.2473 -0.0631042 
0.2474 -0.0630772 
0.2475 -0.0630496 
0.2476 -0.0630216 
0.2477 -0.0629931 
0.2478 -0.0629642 
0.2479 -0.0629348 
0.248 -0.062905 
0.2481 -0.0628749 
0.2482 -0.0628443 
0.2483 -0.0628135 
0.2484 -0.0627822 
0.2485 -0.0627507 
0.2486 -0.0627189 
0.2487 -0.0626868 
0.2488 -0.0626544 
0.2489 -0.0626218 
0.249 -0.0625889 
0.2491 -0.0625558 
0.2492 -0.0625225 
0.2493 -0.062489 
0.2494 -0.0624554 
0.2495 -0.0624216 
0.2496 -0.0623876 
0.2497 -0.0623535 
0.2498 -0.0623192 
0.2499 -0.0622848 
0.25 -0.0622503 
0.2501 -0.0622158 
0.2502 -0.0621811 
0.2503 -0.0621463 
0.2504 -0.0621115 
0.2505 -0.0620766 
0.2506 -0.0620416 
0.2507 -0.0620066 
0.2508 -0.0619716 
0.2509 -0.0619365 
0.251 -0.0619015 
0.2511 -0.0618663 
0.2512 -0.0618312 
0.2513 -0.0617961 
0.2514 -0.061761 
0.2515 -0.0617259 
0.2516 -0.0616908 
0.2517 -0.0616557 
0.2518 -0.0616207 
0.2519 -0.0615856 
0.252 -0.0615507 
0.2521 -0.0615157 
0.2522 -0.0614808 
0.2523 -0.061446 
0.2524 -0.0614112 
0.2525 -0.0613765 
0.2526 -0.0613418 
0.2527 -0.0613072 
0.2528 -0.0612726 
0.2529 -0.0612382 
0.253 -0.0612038 
0.2531 -0.0611695 
0.2532 -0.0611353 
0.2533 -0.0611011 
0.2534 -0.0610671 
0.2535 -0.0610331 
0.2536 -0.0609992 
0.2537 -0.0609655 
0.2538 -0.0609318 
0.2539 -0.0608982 
0.254 -0.0608647 
0.2541 -0.0608313 
0.2542 -0.0607981 
0.2543 -0.0607649 
0.2544 -0.0607318 
0.2545 -0.0606989 
0.2546 -0.0606661 
0.2547 -0.0606333 
0.2548 -0.0606007 
0.2549 -0.0605682 
0.255 -0.0605359 
0.2551 -0.0605036 
0.2552 -0.0604714 
0.2553 -0.0604394 
0.2554 -0.0604075 
0.2555 -0.0603757 
0.2556 -0.0603441 
0.2557 -0.0603125 
0.2558 -0.0602811 
0.2559 -0.0602498 
0.256 -0.0602186 
0.2561 -0.0601875 
0.2562 -0.0601566 
0.2563 -0.0601258 
0.2564 -0.0600951 
0.2565 -0.0600645 
0.2566 -0.0600341 
0.2567 -0.0600038 
0.2568 -0.0599736 
0.2569 -0.0599435 
0.257 -0.0599135 
0.2571 -0.0598837 
0.2572 -0.059854 
0.2573 -0.0598244 
0.2574 -0.0597949 
0.2575 -0.0597656 
0.2576 -0.0597364 
0.2577 -0.0597073 
0.2578 -0.0596783 
0.2579 -0.0596494 
0.258 -0.0596207 
0.2581 -0.059592 
0.2582 -0.0595635 
0.2583 -0.0595351 
0.2584 -0.0595069 
0.2585 -0.0594787 
0.2586 -0.0594507 
0.2587 -0.0594227 
0.2588 -0.0593949 
0.2589 -0.0593672 
0.259 -0.0593396 
0.2591 -0.0593121 
0.2592 -0.0592848 
0.2593 -0.0592575 
0.2594 -0.0592304 
0.2595 -0.0592033 
0.2596 -0.0591764 
0.2597 -0.0591496 
0.2598 -0.0591228 
0.2599 -0.0590962 
0.26 -0.0590697 
0.2601 -0.0590433 
0.2602 -0.059017 
0.2603 -0.0589908 
0.2604 -0.0589646 
0.2605 -0.0589386 
0.2606 -0.0589127 
0.2607 -0.0588869 
0.2608 -0.0588612 
0.2609 -0.0588355 
0.261 -0.05881 
0.2611 -0.0587845 
0.2612 -0.0587592 
0.2613 -0.0587339 
0.2614 -0.0587087 
0.2615 -0.0586836 
0.2616 -0.0586586 
0.2617 -0.0586337 
0.2618 -0.0586088 
0.2619 -0.0585841 
0.262 -0.0585594 
0.2621 -0.0585348 
0.2622 -0.0585103 
0.2623 -0.0584858 
0.2624 -0.0584615 
0.2625 -0.0584372 
0.2626 -0.0584129 
0.2627 -0.0583888 
0.2628 -0.0583647 
0.2629 -0.0583407 
0.263 -0.0583167 
0.2631 -0.0582929 
0.2632 -0.0582691 
0.2633 -0.0582453 
0.2634 -0.0582216 
0.2635 -0.058198 
0.2636 -0.0581744 
0.2637 -0.0581509 
0.2638 -0.0581275 
0.2639 -0.0581041 
0.264 -0.0580807 
0.2641 -0.0580574 
0.2642 -0.0580342 
0.2643 -0.058011 
0.2644 -0.0579879 
0.2645 -0.0579648 
0.2646 -0.0579417 
0.2647 -0.0579187 
0.2648 -0.0578957 
0.2649 -0.0578728 
0.265 -0.0578499 
0.2651 -0.0578271 
0.2652 -0.0578043 
0.2653 -0.0577815 
0.2654 -0.0577588 
0.2655 -0.057736 
0.2656 -0.0577134 
0.2657 -0.0576907 
0.2658 -0.0576681 
0.2659 -0.0576455 
0.266 -0.0576229 
0.2661 -0.0576003 
0.2662 -0.0575778 
0.2663 -0.0575552 
0.2664 -0.0575327 
0.2665 -0.0575102 
0.2666 -0.0574878 
0.2667 -0.0574653 
0.2668 -0.0574428 
0.2669 -0.0574204 
0.267 -0.0573979 
0.2671 -0.0573755 
0.2672 -0.057353 
0.2673 -0.0573306 
0.2674 -0.0573081 
0.2675 -0.0572856 
0.2676 -0.0572632 
0.2677 -0.0572407 
0.2678 -0.0572182 
0.2679 -0.0571957 
0.268 -0.0571732 
0.2681 -0.0571507 
0.2682 -0.0571281 
0.2683 -0.0571055 
0.2684 -0.0570829 
0.2685 -0.0570603 
0.2686 -0.0570377 
0.2687 -0.057015 
0.2688 -0.0569922 
0.2689 -0.0569695 
0.269 -0.0569467 
0.2691 -0.0569239 
0.2692 -0.056901 
0.2693 -0.056878 
0.2694 -0.0568551 
0.2695 -0.056832 
0.2696 -0.0568089 
0.2697 -0.0567858 
0.2698 -0.0567626 
0.2699 -0.0567393 
0.27 -0.056716 
0.2701 -0.0566925 
0.2702 -0.0566691 
0.2703 -0.0566455 
0.2704 -0.0566218 
0.2705 -0.0565981 
0.2706 -0.0565743 
0.2707 -0.0565504 
0.2708 -0.0565264 
0.2709 -0.0565023 
0.271 -0.056478 
0.2711 -0.0564537 
0.2712 -0.0564293 
0.2713 -0.0564047 
0.2714 -0.0563801 
0.2715 -0.0563553 
0.2716 -0.0563303 
0.2717 -0.0563053 
0.2718 -0.0562801 
0.2719 -0.0562547 
0.272 -0.0562292 
0.2721 -0.0562035 
0.2722 -0.0561777 
0.2723 -0.0561517 
0.2724 -0.0561256 
0.2725 -0.0560992 
0.2726 -0.0560727 
0.2727 -0.056046 
0.2728 -0.056019 
0.2729 -0.0559919 
0.273 -0.0559645 
0.2731 -0.0559369 
0.2732 -0.0559091 
0.2733 -0.055881 
0.2734 -0.0558527 
0.2735 -0.0558242 
0.2736 -0.0557953 
0.2737 -0.0557662 
0.2738 -0.0557368 
0.2739 -0.0557071 
0.274 -0.055677 
0.2741 -0.0556467 
0.2742 -0.055616 
0.2743 -0.0555849 
0.2744 -0.0555535 
0.2745 -0.0555218 
0.2746 -0.0554896 
0.2747 -0.055457 
0.2748 -0.0554239 
0.2749 -0.0553905 
0.275 -0.0553565 
0.2751 -0.0553221 
0.2752 -0.0552872 
0.2753 -0.0552518 
0.2754 -0.0552158 
0.2755 -0.0551792 
0.2756 -0.055142 
0.2757 -0.0551042 
0.2758 -0.0550657 
0.2759 -0.0550266 
0.276 -0.0549867 
0.2761 -0.054946 
0.2762 -0.0549046 
0.2763 -0.0548623 
0.2764 -0.0548192 
0.2765 -0.0547751 
0.2766 -0.05473 
0.2767 -0.0546839 
0.2768 -0.0546367 
0.2769 -0.0545883 
0.277 -0.0545387 
0.2771 -0.0544878 
0.2772 -0.0544356 
0.2773 -0.0543818 
0.2774 -0.0543265 
0.2775 -0.0542695 
0.2776 -0.0542107 
0.2777 -0.05415 
0.2778 -0.0540872 
0.2779 -0.0540222 
0.278 -0.0539548 
0.2781 -0.0538848 
0.2782 -0.053812 
0.2783 -0.0537361 
0.2784 -0.0536569 
0.2785 -0.053574 
0.2786 -0.0534871 
0.2787 -0.0533958 
0.2788 -0.0532995 
0.2789 -0.0531978 
0.279 -0.0530899 
0.2791 -0.0529751 
0.2792 -0.0528525 
0.2793 -0.052721 
0.2794 -0.0525792 
0.2795 -0.0524255 
0.2796 -0.0522579 
0.2797 -0.0520737 
0.2798 -0.0518698 
0.2799 -0.0516417 
0.28 -0.0513838 
0.2801 -0.051088 
0.2802 -0.0507432 
0.2803 -0.0503328 
0.2804 -0.0498316 
0.2805 -0.0491981 
0.2806 -0.0483595 
0.2807 -0.047174 
0.2808 -0.0453256 
0.2809 -0.0419249 
0.281 -0.0335632 
0.2811 -0.00680615 
0.2812 0.0186342 
0.2813 0.0202835 
0.2814 0.014224 
0.2815 0.00580846 
0.2816 -0.00295317 
0.2817 -0.0110494 
0.2818 -0.0179074 
0.2819 -0.0232995 
0.282 -0.0274306 
0.2821 -0.0306751 
0.2822 -0.033338 
0.2823 -0.0356235 
0.2824 -0.0376627 
0.2825 -0.0395374 
0.2826 -0.0412958 
0.2827 -0.0429616 
0.2828 -0.0445414 
0.2829 -0.0460306 
0.283 -0.0474204 
0.2831 -0.0487025 
0.2832 -0.0498732 
0.2833 -0.0509349 
0.2834 -0.0518941 
0.2835 -0.0527601 
0.2836 -0.0535432 
0.2837 -0.0542537 
0.2838 -0.0549006 
0.2839 -0.055492 
0.284 -0.0560348 
0.2841 -0.0565347 
0.2842 -0.0569966 
0.2843 -0.0574245 
0.2844 -0.0578221 
0.2845 -0.0581921 
0.2846 -0.0585373 
0.2847 -0.0588598 
0.2848 -0.0591615 
0.2849 -0.0594443 
0.285 -0.0597096 
0.2851 -0.0599587 
0.2852 -0.0601929 
0.2853 -0.0604132 
0.2854 -0.0606206 
0.2855 -0.060816 
0.2856 -0.061 
0.2857 -0.0611736 
0.2858 -0.0613372 
0.2859 -0.0614915 
0.286 -0.061637 
0.2861 -0.0617742 
0.2862 -0.0619036 
0.2863 -0.0620255 
0.2864 -0.0621404 
0.2865 -0.0622487 
0.2866 -0.0623506 
0.2867 -0.0624465 
0.2868 -0.0625366 
0.2869 -0.0626213 
0.287 -0.0627007 
0.2871 -0.0627752 
0.2872 -0.0628449 
0.2873 -0.0629101 
0.2874 -0.062971 
0.2875 -0.0630277 
0.2876 -0.0630805 
0.2877 -0.0631294 
0.2878 -0.0631747 
0.2879 -0.0632166 
0.288 -0.0632551 
0.2881 -0.0632904 
0.2882 -0.0633226 
0.2883 -0.0633519 
0.2884 -0.0633784 
0.2885 -0.0634022 
0.2886 -0.0634234 
0.2887 -0.0634421 
0.2888 -0.0634585 
0.2889 -0.0634725 
0.289 -0.0634843 
0.2891 -0.0634941 
0.2892 -0.0635018 
0.2893 -0.0635075 
0.2894 -0.0635114 
0.2895 -0.0635135 
0.2896 -0.0635139 
0.2897 -0.0635126 
0.2898 -0.0635097 
0.2899 -0.0635053 
0.29 -0.0634995 
0.2901 -0.0634922 
0.2902 -0.0634836 
0.2903 -0.0634737 
0.2904 -0.0634626 
0.2905 -0.0634502 
0.2906 -0.0634367 
0.2907 -0.0634221 
0.2908 -0.0634065 
0.2909 -0.0633899 
0.291 -0.0633722 
0.2911 -0.0633537 
0.2912 -0.0633343 
0.2913 -0.063314 
0.2914 -0.0632929 
0.2915 -0.063271 
0.2916 -0.0632483 
0.2917 -0.063225 
0.2918 -0.0632009 
0.2919 -0.0631762 
0.292 -0.0631509 
0.2921 -0.063125 
0.2922 -0.0630985 
0.2923 -0.0630714 
0.2924 -0.0630438 
0.2925 -0.0630158 
0.2926 -0.0629872 
0.2927 -0.0629582 
0.2928 -0.0629288 
0.2929 -0.0628989 
0.293 -0.0628687 
0.2931 -0.0628381 
0.2932 -0.0628072 
0.2933 -0.0627759 
0.2934 -0.0627443 
0.2935 -0.0627124 
0.2936 -0.0626802 
0.2937 -0.0626478 
0.2938 -0.0626151 
0.2939 -0.0625822 
0.294 -0.062549 
0.2941 -0.0625157 
0.2942 -0.0624821 
0.2943 -0.0624484 
0.2944 -0.0624145 
0.2945 -0.0623805 
0.2946 -0.0623463 
0.2947 -0.062312 
0.2948 -0.0622775 
0.2949 -0.062243 
0.295 -0.0622083 
0.2951 -0.0621736 
0.2952 -0.0621387 
0.2953 -0.0621038 
0.2954 -0.0620689 
0.2955 -0.0620339 
0.2956 -0.0619988 
0.2957 -0.0619637 
0.2958 -0.0619286 
0.2959 -0.0618934 
0.296 -0.0618582 
0.2961 -0.061823 
0.2962 -0.0617878 
0.2963 -0.0617527 
0.2964 -0.0617175 
0.2965 -0.0616823 
0.2966 -0.0616472 
0.2967 -0.061612 
0.2968 -0.0615769 
0.2969 -0.0615419 
0.297 -0.0615069 
0.2971 -0.0614719 
0.2972 -0.061437 
0.2973 -0.0614021 
0.2974 -0.0613673 
0.2975 -0.0613326 
0.2976 -0.0612979 
0.2977 -0.0612633 
0.2978 -0.0612287 
0.2979 -0.0611943 
0.298 -0.0611599 
0.2981 -0.0611256 
0.2982 -0.0610914 
0.2983 -0.0610572 
0.2984 -0.0610232 
0.2985 -0.0609892 
0.2986 -0.0609554 
0.2987 -0.0609216 
0.2988 -0.060888 
0.2989 -0.0608544 
0.299 -0.0608209 
0.2991 -0.0607876 
0.2992 -0.0607543 
0.2993 -0.0607212 
0.2994 -0.0606882 
0.2995 -0.0606552 
0.2996 -0.0606224 
0.2997 -0.0605897 
0.2998 -0.0605572 
0.2999 -0.0605247 
0.3 -0.0604924 
0.3001 -0.0604601 
0.3002 -0.060428 
0.3003 -0.060396 
0.3004 -0.0603641 
0.3005 -0.0603324 
0.3006 -0.0603007 
0.3007 -0.0602692 
0.3008 -0.0602378 
0.3009 -0.0602066 
0.301 -0.0601754 
0.3011 -0.0601444 
0.3012 -0.0601135 
0.3013 -0.0600827 
0.3014 -0.060052 
0.3015 -0.0600215 
0.3016 -0.0599911 
0.3017 -0.0599608 
0.3018 -0.0599306 
0.3019 -0.0599006 
0.302 -0.0598707 
0.3021 -0.0598409 
0.3022 -0.0598112 
0.3023 -0.0597816 
0.3024 -0.0597522 
0.3025 -0.0597229 
0.3026 -0.0596937 
0.3027 -0.0596646 
0.3028 -0.0596356 
0.3029 -0.0596068 
0.303 -0.059578 
0.3031 -0.0595494 
0.3032 -0.0595209 
0.3033 -0.0594926 
0.3034 -0.0594643 
0.3035 -0.0594362 
0.3036 -0.0594081 
0.3037 -0.0593802 
0.3038 -0.0593524 
0.3039 -0.0593247 
0.304 -0.0592971 
0.3041 -0.0592696 
0.3042 -0.0592423 
0.3043 -0.059215 
0.3044 -0.0591879 
0.3045 -0.0591608 
0.3046 -0.0591339 
0.3047 -0.0591071 
0.3048 -0.0590803 
0.3049 -0.0590537 
0.305 -0.0590272 
0.3051 -0.0590007 
0.3052 -0.0589744 
0.3053 -0.0589482 
0.3054 -0.0589221 
0.3055 -0.058896 
0.3056 -0.0588701 
0.3057 -0.0588442 
0.3058 -0.0588185 
0.3059 -0.0587928 
0.306 -0.0587672 
0.3061 -0.0587418 
0.3062 -0.0587164 
0.3063 -0.0586911 
0.3064 -0.0586658 
0.3065 -0.0586407 
0.3066 -0.0586156 
0.3067 -0.0585907 
0.3068 -0.0585658 
0.3069 -0.058541 
0.307 -0.0585162 
0.3071 -0.0584916 
0.3072 -0.058467 
0.3073 -0.0584425 
0.3074 -0.0584181 
0.3075 -0.0583937 
0.3076 -0.0583694 
0.3077 -0.0583452 
0.3078 -0.0583211 
0.3079 -0.058297 
0.308 -0.0582729 
0.3081 -0.058249 
0.3082 -0.0582251 
0.3083 -0.0582013 
0.3084 -0.0581775 
0.3085 -0.0581538 
0.3086 -0.0581301 
0.3087 -0.0581065 
0.3088 -0.058083 
0.3089 -0.0580595 
0.309 -0.058036 
0.3091 -0.0580126 
0.3092 -0.0579893 
0.3093 -0.057966 
0.3094 -0.0579427 
0.3095 -0.0579195 
0.3096 -0.0578963 
0.3097 -0.0578732 
0.3098 -0.0578501 
0.3099 -0.057827 
0.31 -0.057804 
0.3101 -0.057781 
0.3102 -0.0577581 
0.3103 -0.0577352 
0.3104 -0.0577123 
0.3105 -0.0576894 
0.3106 -0.0576666 
0.3107 -0.0576437 
0.3108 -0.0576209 
0.3109 -0.0575982 
0.311 -0.0575754 
0.3111 -0.0575527 
0.3112 -0.0575299 
0.3113 -0.0575072 
0.3114 -0.0574845 
0.3115 -0.0574618 
0.3116 -0.0574392 
0.3117 -0.0574165 
0.3118 -0.0573938 
0.3119 -0.0573711 
0.312 -0.0573485 
0.3121 -0.0573258 
0.3122 -0.0573031 
0.3123 -0.0572804 
0.3124 -0.0572578 
0.3125 -0.0572351 
0.3126 -0.0572123 
0.3127 -0.0571896 
0.3128 -0.0571669 
0.3129 -0.0571441 
0.313 -0.0571213 
0.3131 -0.0570985 
0.3132 -0.0570757 
0.3133 -0.0570528 
0.3134 -0.0570299 
0.3135 -0.057007 
0.3136 -0.056984 
0.3137 -0.056961 
0.3138 -0.056938 
0.3139 -0.0569149 
0.314 -0.0568918 
0.3141 -0.0568686 
0.3142 -0.0568454 
0.3143 -0.0568221 
0.3144 -0.0567987 
0.3145 -0.0567753 
0.3146 -0.0567518 
0.3147 -0.0567283 
0.3148 -0.0567047 
0.3149 -0.056681 
0.315 -0.0566572 
0.3151 -0.0566334 
0.3152 -0.0566095 
0.3153 -0.0565855 
0.3154 -0.0565613 
0.3155 -0.0565371 
0.3156 -0.0565128 
0.3157 -0.0564884 
0.3158 -0.0564639 
0.3159 -0.0564393 
0.316 -0.0564145 
0.3161 -0.0563897 
0.3162 -0.0563647 
0.3163 -0.0563396 
0.3164 -0.0563143 
0.3165 -0.0562889 
0.3166 -0.0562634 
0.3167 -0.0562377 
0.3168 -0.0562118 
0.3169 -0.0561858 
0.317 -0.0561596 
0.3171 -0.0561332 
0.3172 -0.0561067 
0.3173 -0.05608 
0.3174 -0.056053 
0.3175 -0.0560259 
0.3176 -0.0559986 
0.3177 -0.055971 
0.3178 -0.0559432 
0.3179 -0.0559152 
0.318 -0.0558869 
0.3181 -0.0558584 
0.3182 -0.0558296 
0.3183 -0.0558006 
0.3184 -0.0557713 
0.3185 -0.0557416 
0.3186 -0.0557117 
0.3187 -0.0556815 
0.3188 -0.0556509 
0.3189 -0.05562 
0.319 -0.0555887 
0.3191 -0.0555571 
0.3192 -0.0555251 
0.3193 -0.0554927 
0.3194 -0.0554599 
0.3195 -0.0554266 
0.3196 -0.0553929 
0.3197 -0.0553587 
0.3198 -0.0553241 
0.3199 -0.0552889 
0.32 -0.0552532 
0.3201 -0.055217 
0.3202 -0.0551801 
0.3203 -0.0551427 
0.3204 -0.0551046 
0.3205 -0.0550659 
0.3206 -0.0550264 
0.3207 -0.0549863 
0.3208 -0.0549453 
0.3209 -0.0549036 
0.321 -0.054861 
0.3211 -0.0548175 
0.3212 -0.0547731 
0.3213 -0.0547277 
0.3214 -0.0546812 
0.3215 -0.0546337 
0.3216 -0.0545849 
0.3217 -0.054535 
0.3218 -0.0544837 
0.3219 -0.054431 
0.322 -0.0543768 
0.3221 -0.054321 
0.3222 -0.0542635 
0.3223 -0.0542042 
0.3224 -0.054143 
0.3225 -0.0540796 
0.3226 -0.054014 
0.3227 -0.053946 
0.3228 -0.0538753 
0.3229 -0.0538018 
0.323 -0.0537251 
0.3231 -0.0536451 
0.3232 -0.0535613 
0.3233 -0.0534734 
0.3234 -0.053381 
0.3235 -0.0532836 
0.3236 -0.0531805 
0.3237 -0.0530712 
0.3238 -0.0529548 
0.3239 -0.0528304 
0.324 -0.0526968 
0.3241 -0.0525526 
0.3242 -0.0523962 
0.3243 -0.0522254 
0.3244 -0.0520375 
0.3245 -0.051829 
0.3246 -0.0515954 
0.3247 -0.0513305 
0.3248 -0.0510258 
0.3249 -0.0506694 
0.325 -0.0502433 
0.3251 -0.0497197 
0.3252 -0.0490526 
0.3253 -0.0481596 
0.3254 -0.0468765 
0.3255 -0.0448242 
0.3256 -0.0408746 
0.3257 -0.0303831 
0.3258 0.000489547 
0.3259 0.0201559 
0.326 0.019435 
0.3261 0.012658 
0.3262 0.00405467 
0.3263 -0.00464178 
0.3264 -0.0125345 
0.3265 -0.0191108 
0.3266 -0.0242297 
0.3267 -0.0281596 
0.3268 -0.0312721 
0.3269 -0.0338511 
0.327 -0.0360838 
0.3271 -0.0380895 
0.3272 -0.0399421 
0.3273 -0.0416841 
0.3274 -0.0433349 
0.3275 -0.0448979 
0.3276 -0.0463672 
0.3277 -0.0477341 
0.3278 -0.048991 
0.3279 -0.050136 
0.328 -0.0511727 
0.3281 -0.0521087 
0.3282 -0.0529538 
0.3283 -0.0537184 
0.3284 -0.0544126 
0.3285 -0.0550453 
0.3286 -0.0556242 
0.3287 -0.056156 
0.3288 -0.0566461 
0.3289 -0.0570994 
0.329 -0.0575196 
0.3291 -0.0579101 
0.3292 -0.0582739 
0.3293 -0.0586134 
0.3294 -0.0589307 
0.3295 -0.0592277 
0.3296 -0.0595061 
0.3297 -0.0597673 
0.3298 -0.0600128 
0.3299 -0.0602435 
0.33 -0.0604606 
0.3301 -0.0606651 
0.3302 -0.0608577 
0.3303 -0.0610391 
0.3304 -0.0612102 
0.3305 -0.0613716 
0.3306 -0.0615237 
0.3307 -0.0616672 
0.3308 -0.0618025 
0.3309 -0.0619301 
0.331 -0.0620503 
0.3311 -0.0621636 
0.3312 -0.0622703 
0.3313 -0.0623707 
0.3314 -0.0624652 
0.3315 -0.062554 
0.3316 -0.0626374 
0.3317 -0.0627157 
0.3318 -0.062789 
0.3319 -0.0628576 
0.332 -0.0629217 
0.3321 -0.0629816 
0.3322 -0.0630373 
0.3323 -0.0630891 
0.3324 -0.0631372 
0.3325 -0.0631817 
0.3326 -0.0632227 
0.3327 -0.0632604 
0.3328 -0.0632949 
0.3329 -0.0633265 
0.333 -0.0633551 
0.3331 -0.0633809 
0.3332 -0.063404 
0.3333 -0.0634246 
0.3334 -0.0634427 
0.3335 -0.0634585 
0.3336 -0.0634719 
0.3337 -0.0634832 
0.3338 -0.0634925 
0.3339 -0.0634997 
0.334 -0.0635049 
0.3341 -0.0635084 
0.3342 -0.06351 
0.3343 -0.06351 
0.3344 -0.0635083 
0.3345 -0.063505 
0.3346 -0.0635002 
0.3347 -0.063494 
0.3348 -0.0634864 
0.3349 -0.0634774 
0.335 -0.0634672 
0.3351 -0.0634557 
0.3352 -0.063443 
0.3353 -0.0634293 
0.3354 -0.0634144 
0.3355 -0.0633985 
0.3356 -0.0633815 
0.3357 -0.0633637 
0.3358 -0.0633449 
0.3359 -0.0633252 
0.336 -0.0633047 
0.3361 -0.0632833 
0.3362 -0.0632612 
0.3363 -0.0632383 
0.3364 -0.0632148 
0.3365 -0.0631905 
0.3366 -0.0631656 
0.3367 -0.0631401 
0.3368 -0.063114 
0.3369 -0.0630873 
0.337 -0.0630601 
0.3371 -0.0630323 
0.3372 -0.0630041 
0.3373 -0.0629754 
0.3374 -0.0629462 
0.3375 -0.0629167 
0.3376 -0.0628867 
0.3377 -0.0628563 
0.3378 -0.0628256 
0.3379 -0.0627945 
0.338 -0.0627631 
0.3381 -0.0627314 
0.3382 -0.0626994 
0.3383 -0.0626671 
0.3384 -0.0626345 
0.3385 -0.0626017 
0.3386 -0.0625687 
0.3387 -0.0625354 
0.3388 -0.062502 
0.3389 -0.0624684 
0.339 -0.0624345 
0.3391 -0.0624006 
0.3392 -0.0623664 
0.3393 -0.0623321 
0.3394 -0.0622977 
0.3395 -0.0622632 
0.3396 -0.0622286 
0.3397 -0.0621938 
0.3398 -0.062159 
0.3399 -0.0621241 
0.34 -0.0620891 
0.3401 -0.0620541 
0.3402 -0.062019 
0.3403 -0.0619839 
0.3404 -0.0619487 
0.3405 -0.0619135 
0.3406 -0.0618783 
0.3407 -0.061843 
0.3408 -0.0618078 
0.3409 -0.0617725 
0.341 -0.0617373 
0.3411 -0.061702 
0.3412 -0.0616668 
0.3413 -0.0616316 
0.3414 -0.0615964 
0.3415 -0.0615613 
0.3416 -0.0615262 
0.3417 -0.0614911 
0.3418 -0.0614561 
0.3419 -0.0614211 
0.342 -0.0613862 
0.3421 -0.0613513 
0.3422 -0.0613165 
0.3423 -0.0612818 
0.3424 -0.0612471 
0.3425 -0.0612125 
0.3426 -0.061178 
0.3427 -0.0611436 
0.3428 -0.0611092 
0.3429 -0.061075 
0.343 -0.0610408 
0.3431 -0.0610067 
0.3432 -0.0609727 
0.3433 -0.0609388 
0.3434 -0.060905 
0.3435 -0.0608713 
0.3436 -0.0608377 
0.3437 -0.0608042 
0.3438 -0.0607708 
0.3439 -0.0607375 
0.344 -0.0607043 
0.3441 -0.0606712 
0.3442 -0.0606382 
0.3443 -0.0606054 
0.3444 -0.0605727 
0.3445 -0.06054 
0.3446 -0.0605075 
0.3447 -0.0604751 
0.3448 -0.0604428 
0.3449 -0.0604107 
0.345 -0.0603786 
0.3451 -0.0603467 
0.3452 -0.0603149 
0.3453 -0.0602832 
0.3454 -0.0602517 
0.3455 -0.0602202 
0.3456 -0.0601889 
0.3457 -0.0601577 
0.3458 -0.0601266 
0.3459 -0.0600957 
0.346 -0.0600648 
0.3461 -0.0600341 
0.3462 -0.0600035 
0.3463 -0.0599731 
0.3464 -0.0599427 
0.3465 -0.0599125 
0.3466 -0.0598824 
0.3467 -0.0598524 
0.3468 -0.0598226 
0.3469 -0.0597928 
0.347 -0.0597632 
0.3471 -0.0597337 
0.3472 -0.0597043 
0.3473 -0.0596751 
0.3474 -0.0596459 
0.3475 -0.0596169 
0.3476 -0.059588 
0.3477 -0.0595592 
0.3478 -0.0595306 
0.3479 -0.059502 
0.348 -0.0594736 
0.3481 -0.0594453 
0.3482 -0.0594171 
0.3483 -0.059389 
0.3484 -0.059361 
0.3485 -0.0593331 
0.3486 -0.0593053 
0.3487 -0.0592777 
0.3488 -0.0592501 
0.3489 -0.0592227 
0.349 -0.0591954 
0.3491 -0.0591682 
0.3492 -0.0591411 
0.3493 -0.059114 
0.3494 -0.0590871 
0.3495 -0.0590603 
0.3496 -0.0590336 
0.3497 -0.059007 
0.3498 -0.0589805 
0.3499 -0.0589541 
0.35 -0.0589278 
0.3501 -0.0589016 
0.3502 -0.0588755 
0.3503 -0.0588495 
0.3504 -0.0588235 
0.3505 -0.0587977 
0.3506 -0.058772 
0.3507 -0.0587463 
0.3508 -0.0587207 
0.3509 -0.0586953 
0.351 -0.0586699 
0.3511 -0.0586446 
0.3512 -0.0586193 
0.3513 -0.0585942 
0.3514 -0.0585691 
0.3515 -0.0585441 
0.3516 -0.0585192 
0.3517 -0.0584944 
0.3518 -0.0584697 
0.3519 -0.058445 
0.352 -0.0584204 
0.3521 -0.0583958 
0.3522 -0.0583714 
0.3523 -0.058347 
0.3524 -0.0583227 
0.3525 -0.0582984 
0.3526 -0.0582742 
0.3527 -0.0582501 
0.3528 -0.058226 
0.3529 -0.058202 
0.353 -0.0581781 
0.3531 -0.0581542 
0.3532 -0.0581303 
0.3533 -0.0581066 
0.3534 -0.0580828 
0.3535 -0.0580592 
0.3536 -0.0580356 
0.3537 -0.058012 
0.3538 -0.0579885 
0.3539 -0.057965 
0.354 -0.0579415 
0.3541 -0.0579182 
0.3542 -0.0578948 
0.3543 -0.0578715 
0.3544 -0.0578482 
0.3545 -0.057825 
0.3546 -0.0578018 
0.3547 -0.0577786 
0.3548 -0.0577555 
0.3549 -0.0577324 
0.355 -0.0577093 
0.3551 -0.0576863 
0.3552 -0.0576633 
0.3553 -0.0576403 
0.3554 -0.0576173 
0.3555 -0.0575943 
0.3556 -0.0575714 
0.3557 -0.0575485 
0.3558 -0.0575256 
0.3559 -0.0575027 
0.356 -0.0574798 
0.3561 -0.0574569 
0.3562 -0.057434 
0.3563 -0.0574112 
0.3564 -0.0573883 
0.3565 -0.0573655 
0.3566 -0.0573426 
0.3567 -0.0573197 
0.3568 -0.0572969 
0.3569 -0.057274 
0.357 -0.0572511 
0.3571 -0.0572282 
0.3572 -0.0572053 
0.3573 -0.0571824 
0.3574 -0.0571594 
0.3575 -0.0571365 
0.3576 -0.0571135 
0.3577 -0.0570905 
0.3578 -0.0570674 
0.3579 -0.0570444 
0.358 -0.0570213 
0.3581 -0.0569981 
0.3582 -0.056975 
0.3583 -0.0569517 
0.3584 -0.0569285 
0.3585 -0.0569052 
0.3586 -0.0568818 
0.3587 -0.0568584 
0.3588 -0.056835 
0.3589 -0.0568115 
0.359 -0.0567879 
0.3591 -0.0567642 
0.3592 -0.0567405 
0.3593 -0.0567168 
0.3594 -0.0566929 
0.3595 -0.056669 
0.3596 -0.056645 
0.3597 -0.0566209 
0.3598 -0.0565967 
0.3599 -0.0565724 
0.36 -0.0565481 
0.3601 -0.0565236 
0.3602 -0.056499 
0.3603 -0.0564744 
0.3604 -0.0564496 
0.3605 -0.0564247 
0.3606 -0.0563996 
0.3607 -0.0563745 
0.3608 -0.0563492 
0.3609 -0.0563238 
0.361 -0.0562982 
0.3611 -0.0562725 
0.3612 -0.0562467 
0.3613 -0.0562207 
0.3614 -0.0561945 
0.3615 -0.0561682 
0.3616 -0.0561416 
0.3617 -0.0561149 
0.3618 -0.0560881 
0.3619 -0.056061 
0.362 -0.0560337 
0.3621 -0.0560062 
0.3622 -0.0559785 
0.3623 -0.0559505 
0.3624 -0.0559224 
0.3625 -0.0558939 
0.3626 -0.0558653 
0.3627 -0.0558363 
0.3628 -0.0558071 
0.3629 -0.0557776 
0.363 -0.0557479 
0.3631 -0.0557178 
0.3632 -0.0556874 
0.3633 -0.0556566 
0.3634 -0.0556256 
0.3635 -0.0555941 
0.3636 -0.0555624 
0.3637 -0.0555302 
0.3638 -0.0554976 
0.3639 -0.0554646 
0.364 -0.0554312 
0.3641 -0.0553973 
0.3642 -0.055363 
0.3643 -0.0553282 
0.3644 -0.0552928 
0.3645 -0.0552569 
0.3646 -0.0552205 
0.3647 -0.0551835 
0.3648 -0.0551459 
0.3649 -0.0551076 
0.365 -0.0550687 
0.3651 -0.0550291 
0.3652 -0.0549887 
0.3653 -0.0549476 
0.3654 -0.0549056 
0.3655 -0.0548628 
0.3656 -0.0548191 
0.3657 -0.0547745 
0.3658 -0.0547289 
0.3659 -0.0546822 
0.366 -0.0546344 
0.3661 -0.0545854 
0.3662 -0.0545352 
0.3663 -0.0544836 
0.3664 -0.0544307 
0.3665 -0.0543762 
0.3666 -0.0543202 
0.3667 -0.0542624 
0.3668 -0.0542028 
0.3669 -0.0541412 
0.367 -0.0540775 
0.3671 -0.0540116 
0.3672 -0.0539432 
0.3673 -0.0538721 
0.3674 -0.0537981 
0.3675 -0.053721 
0.3676 -0.0536405 
0.3677 -0.0535562 
0.3678 -0.0534678 
0.3679 -0.0533747 
0.368 -0.0532766 
0.3681 -0.0531729 
0.3682 -0.0530628 
0.3683 -0.0529455 
0.3684 -0.0528201 
0.3685 -0.0526854 
0.3686 -0.0525399 
0.3687 -0.052382 
0.3688 -0.0522095 
0.3689 -0.0520195 
0.369 -0.0518086 
0.3691 -0.051572 
0.3692 -0.0513034 
0.3693 -0.050994 
0.3694 -0.0506313 
0.3695 -0.0501967 
0.3696 -0.0496609 
0.3697 -0.0489754 
0.3698 -0.0480523 
0.3699 -0.0467141 
0.37 -0.0445393 
0.3701 -0.0402503 
0.3702 -0.0283775 
0.3703 0.00400014 
0.3704 0.0206382 
0.3705 0.01891 
0.3706 0.011819 
0.3707 0.00314283 
0.3708 -0.00550791 
0.3709 -0.0132887 
0.371 -0.0197174 
0.3711 -0.0247002 
0.3712 -0.028533 
0.3713 -0.0315826 
0.3714 -0.0341223 
0.3715 -0.0363306 
0.3716 -0.0383213 
0.3717 -0.0401642 
0.3718 -0.0418987 
0.3719 -0.043542 
0.372 -0.0450961 
0.3721 -0.0465544 
0.3722 -0.0479081 
0.3723 -0.0491508 
0.3724 -0.0502815 
0.3725 -0.0513043 
0.3726 -0.0522274 
0.3727 -0.0530609 
0.3728 -0.0538153 
0.3729 -0.0545004 
0.373 -0.0551252 
0.3731 -0.0556971 
0.3732 -0.0562228 
0.3733 -0.0567075 
0.3734 -0.0571559 
0.3735 -0.0575718 
0.3736 -0.0579585 
0.3737 -0.0583188 
0.3738 -0.058655 
0.3739 -0.0589694 
0.374 -0.0592638 
0.3741 -0.0595397 
0.3742 -0.0597988 
0.3743 -0.0600421 
0.3744 -0.0602709 
0.3745 -0.0604863 
0.3746 -0.060689 
0.3747 -0.0608801 
0.3748 -0.0610601 
0.3749 -0.0612299 
0.375 -0.0613899 
0.3751 -0.0615409 
0.3752 -0.0616832 
0.3753 -0.0618174 
0.3754 -0.061944 
0.3755 -0.0620633 
0.3756 -0.0621757 
0.3757 -0.0622815 
0.3758 -0.0623811 
0.3759 -0.0624748 
0.376 -0.0625628 
0.3761 -0.0626455 
0.3762 -0.0627231 
0.3763 -0.0627958 
0.3764 -0.0628637 
0.3765 -0.0629273 
0.3766 -0.0629866 
0.3767 -0.0630418 
0.3768 -0.063093 
0.3769 -0.0631406 
0.377 -0.0631846 
0.3771 -0.0632251 
0.3772 -0.0632624 
0.3773 -0.0632965 
0.3774 -0.0633276 
0.3775 -0.0633558 
0.3776 -0.0633813 
0.3777 -0.063404 
0.3778 -0.0634243 
0.3779 -0.063442 
0.378 -0.0634574 
0.3781 -0.0634706 
0.3782 -0.0634816 
0.3783 -0.0634905 
0.3784 -0.0634974 
0.3785 -0.0635024 
0.3786 -0.0635056 
0.3787 -0.063507 
0.3788 -0.0635067 
0.3789 -0.0635047 
0.379 -0.0635012 
0.3791 -0.0634962 
0.3792 -0.0634898 
0.3793 -0.063482 
0.3794 -0.0634728 
0.3795 -0.0634624 
0.3796 -0.0634507 
0.3797 -0.0634379 
0.3798 -0.0634239 
0.3799 -0.0634088 
0.38 -0.0633927 
0.3801 -0.0633757 
0.3802 -0.0633576 
0.3803 -0.0633387 
0.3804 -0.0633188 
0.3805 -0.0632982 
0.3806 -0.0632767 
0.3807 -0.0632544 
0.3808 -0.0632314 
0.3809 -0.0632077 
0.381 -0.0631834 
0.3811 -0.0631583 
0.3812 -0.0631327 
0.3813 -0.0631065 
0.3814 -0.0630797 
0.3815 -0.0630523 
0.3816 -0.0630245 
0.3817 -0.0629962 
0.3818 -0.0629673 
0.3819 -0.0629381 
0.382 -0.0629084 
0.3821 -0.0628783 
0.3822 -0.0628479 
0.3823 -0.0628171 
0.3824 -0.0627859 
0.3825 -0.0627544 
0.3826 -0.0627226 
0.3827 -0.0626905 
0.3828 -0.0626581 
0.3829 -0.0626255 
0.383 -0.0625926 
0.3831 -0.0625595 
0.3832 -0.0625262 
0.3833 -0.0624927 
0.3834 -0.062459 
0.3835 -0.0624251 
0.3836 -0.062391 
0.3837 -0.0623568 
0.3838 -0.0623225 
0.3839 -0.062288 
0.384 -0.0622534 
0.3841 -0.0622187 
0.3842 -0.0621839 
0.3843 -0.062149 
0.3844 -0.0621141 
0.3845 -0.062079 
0.3846 -0.062044 
0.3847 -0.0620088 
0.3848 -0.0619736 
0.3849 -0.0619384 
0.385 -0.0619031 
0.3851 -0.0618678 
0.3852 -0.0618326 
0.3853 -0.0617972 
0.3854 -0.0617619 
0.3855 -0.0617266 
0.3856 -0.0616913 
0.3857 -0.0616561 
0.3858 -0.0616208 
0.3859 -0.0615856 
0.386 -0.0615504 
0.3861 -0.0615152 
0.3862 -0.0614801 
0.3863 -0.061445 
0.3864 -0.06141 
0.3865 -0.0613751 
0.3866 -0.0613402 
0.3867 -0.0613053 
0.3868 -0.0612705 
0.3869 -0.0612358 
0.387 -0.0612012 
0.3871 -0.0611666 
0.3872 -0.0611321 
0.3873 -0.0610977 
0.3874 -0.0610634 
0.3875 -0.0610292 
0.3876 -0.0609951 
0.3877 -0.060961 
0.3878 -0.0609271 
0.3879 -0.0608932 
0.388 -0.0608595 
0.3881 -0.0608258 
0.3882 -0.0607923 
0.3883 -0.0607588 
0.3884 -0.0607255 
0.3885 -0.0606923 
0.3886 -0.0606591 
0.3887 -0.0606261 
0.3888 -0.0605932 
0.3889 -0.0605604 
0.389 -0.0605278 
0.3891 -0.0604952 
0.3892 -0.0604628 
0.3893 -0.0604304 
0.3894 -0.0603982 
0.3895 -0.0603661 
0.3896 -0.0603342 
0.3897 -0.0603023 
0.3898 -0.0602706 
0.3899 -0.060239 
0.39 -0.0602075 
0.3901 -0.0601761 
0.3902 -0.0601449 
0.3903 -0.0601137 
0.3904 -0.0600827 
0.3905 -0.0600518 
0.3906 -0.0600211 
0.3907 -0.0599904 
0.3908 -0.0599599 
0.3909 -0.0599295 
0.391 -0.0598993 
0.3911 -0.0598691 
0.3912 -0.0598391 
0.3913 -0.0598092 
0.3914 -0.0597794 
0.3915 -0.0597497 
0.3916 -0.0597201 
0.3917 -0.0596907 
0.3918 -0.0596614 
0.3919 -0.0596322 
0.392 -0.0596031 
0.3921 -0.0595742 
0.3922 -0.0595453 
0.3923 -0.0595166 
0.3924 -0.059488 
0.3925 -0.0594595 
0.3926 -0.0594311 
0.3927 -0.0594028 
0.3928 -0.0593747 
0.3929 -0.0593466 
0.393 -0.0593187 
0.3931 -0.0592909 
0.3932 -0.0592632 
0.3933 -0.0592356 
0.3934 -0.0592081 
0.3935 -0.0591807 
0.3936 -0.0591534 
0.3937 -0.0591262 
0.3938 -0.0590991 
0.3939 -0.0590722 
0.394 -0.0590453 
0.3941 -0.0590185 
0.3942 -0.0589919 
0.3943 -0.0589653 
0.3944 -0.0589388 
0.3945 -0.0589124 
0.3946 -0.0588862 
0.3947 -0.05886 
0.3948 -0.0588339 
0.3949 -0.0588079 
0.395 -0.058782 
0.3951 -0.0587561 
0.3952 -0.0587304 
0.3953 -0.0587048 
0.3954 -0.0586792 
0.3955 -0.0586537 
0.3956 -0.0586283 
0.3957 -0.058603 
0.3958 -0.0585778 
0.3959 -0.0585527 
0.396 -0.0585276 
0.3961 -0.0585026 
0.3962 -0.0584777 
0.3963 -0.0584528 
0.3964 -0.0584281 
0.3965 -0.0584034 
0.3966 -0.0583788 
0.3967 -0.0583542 
0.3968 -0.0583297 
0.3969 -0.0583053 
0.397 -0.058281 
0.3971 -0.0582567 
0.3972 -0.0582324 
0.3973 -0.0582083 
0.3974 -0.0581842 
0.3975 -0.0581601 
0.3976 -0.0581361 
0.3977 -0.0581122 
0.3978 -0.0580883 
0.3979 -0.0580645 
0.398 -0.0580407 
0.3981 -0.058017 
0.3982 -0.0579933 
0.3983 -0.0579697 
0.3984 -0.0579461 
0.3985 -0.0579226 
0.3986 -0.0578991 
0.3987 -0.0578756 
0.3988 -0.0578522 
0.3989 -0.0578288 
0.399 -0.0578054 
0.3991 -0.0577821 
0.3992 -0.0577588 
0.3993 -0.0577356 
0.3994 -0.0577123 
0.3995 -0.0576891 
0.3996 -0.057666 
0.3997 -0.0576428 
0.3998 -0.0576197 
0.3999 -0.0575966 
0.4 -0.0575735 
0.4001 -0.0575504 
0.4002 -0.0575273 
0.4003 -0.0575043 
0.4004 -0.0574812 
0.4005 -0.0574582 
0.4006 -0.0574352 
0.4007 -0.0574122 
0.4008 -0.0573891 
0.4009 -0.0573661 
0.401 -0.0573431 
0.4011 -0.0573201 
0.4012 -0.0572971 
0.4013 -0.057274 
0.4014 -0.057251 
0.4015 -0.0572279 
0.4016 -0.0572049 
0.4017 -0.0571818 
0.4018 -0.0571587 
0.4019 -0.0571355 
0.402 -0.0571124 
0.4021 -0.0570892 
0.4022 -0.057066 
0.4023 -0.0570428 
0.4024 -0.0570195 
0.4025 -0.0569962 
0.4026 -0.0569729 
0.4027 -0.0569495 
0.4028 -0.0569261 
0.4029 -0.0569026 
0.403 -0.0568791 
0.4031 -0.0568555 
0.4032 -0.0568319 
0.4033 -0.0568082 
0.4034 -0.0567844 
0.4035 -0.0567606 
0.4036 -0.0567367 
0.4037 -0.0567128 
0.4038 -0.0566887 
0.4039 -0.0566646 
0.404 -0.0566404 
0.4041 -0.0566161 
0.4042 -0.0565918 
0.4043 -0.0565673 
0.4044 -0.0565428 
0.4045 -0.0565181 
0.4046 -0.0564933 
0.4047 -0.0564685 
0.4048 -0.0564435 
0.4049 -0.0564184 
0.405 -0.0563931 
0.4051 -0.0563678 
0.4052 -0.0563423 
0.4053 -0.0563167 
0.4054 -0.0562909 
0.4055 -0.056265 
0.4056 -0.0562389 
0.4057 -0.0562127 
0.4058 -0.0561863 
0.4059 -0.0561597 
0.406 -0.0561329 
0.4061 -0.056106 
0.4062 -0.0560789 
0.4063 -0.0560515 
0.4064 -0.056024 
0.4065 -0.0559962 
0.4066 -0.0559683 
0.4067 -0.05594 
0.4068 -0.0559116 
0.4069 -0.0558829 
0.407 -0.0558539 
0.4071 -0.0558247 
0.4072 -0.0557952 
0.4073 -0.0557654 
0.4074 -0.0557353 
0.4075 -0.0557049 
0.4076 -0.0556742 
0.4077 -0.0556432 
0.4078 -0.0556117 
0.4079 -0.05558 
0.408 -0.0555478 
0.4081 -0.0555153 
0.4082 -0.0554823 
0.4083 -0.0554489 
0.4084 -0.0554151 
0.4085 -0.0553808 
0.4086 -0.0553461 
0.4087 -0.0553108 
0.4088 -0.055275 
0.4089 -0.0552386 
0.409 -0.0552017 
0.4091 -0.0551642 
0.4092 -0.0551261 
0.4093 -0.0550873 
0.4094 -0.0550478 
0.4095 -0.0550075 
0.4096 -0.0549666 
0.4097 -0.0549248 
0.4098 -0.0548822 
0.4099 -0.0548387 
0.41 -0.0547943 
0.4101 -0.0547489 
0.4102 -0.0547025 
0.4103 -0.054655 
0.4104 -0.0546063 
0.4105 -0.0545564 
0.4106 -0.0545052 
0.4107 -0.0544526 
0.4108 -0.0543985 
0.4109 -0.0543429 
0.411 -0.0542856 
0.4111 -0.0542265 
0.4112 -0.0541655 
0.4113 -0.0541025 
0.4114 -0.0540372 
0.4115 -0.0539695 
0.4116 -0.0538993 
0.4117 -0.0538262 
0.4118 -0.0537501 
0.4119 -0.0536706 
0.412 -0.0535875 
0.4121 -0.0535003 
0.4122 -0.0534088 
0.4123 -0.0533123 
0.4124 -0.0532104 
0.4125 -0.0531023 
0.4126 -0.0529874 
0.4127 -0.0528647 
0.4128 -0.0527331 
0.4129 -0.0525913 
0.413 -0.0524376 
0.4131 -0.0522701 
0.4132 -0.0520861 
0.4133 -0.0518824 
0.4134 -0.0516548 
0.4135 -0.0513974 
0.4136 -0.0511026 
0.4137 -0.050759 
0.4138 -0.0503506 
0.4139 -0.0498522 
0.414 -0.0492231 
0.4141 -0.0483919 
0.4142 -0.0472197 
0.4143 -0.0453997 
0.4144 -0.0420728 
0.4145 -0.0339854 
0.4146 -0.00794767 
0.4147 0.0183274 
0.4148 0.0203987 
0.4149 0.0144591 
0.415 0.00606909 
0.4151 -0.00271229 
0.4152 -0.0108522 
0.4153 -0.0177656 
0.4154 -0.0232106 
0.4155 -0.0273834 
0.4156 -0.0306592 
0.4157 -0.0333467 
0.4158 -0.0356523 
0.4159 -0.0377083 
0.416 -0.0395971 
0.4161 -0.0413667 
0.4162 -0.0430408 
0.4163 -0.0446254 
0.4164 -0.0461161 
0.4165 -0.0475041 
0.4166 -0.048782 
0.4167 -0.0499472 
0.4168 -0.0510025 
0.4169 -0.0519551 
0.417 -0.0528147 
0.4171 -0.053592 
0.4172 -0.0542971 
0.4173 -0.0549392 
0.4174 -0.0555264 
0.4175 -0.0560654 
0.4176 -0.056562 
0.4177 -0.0570209 
0.4178 -0.0574463 
0.4179 -0.0578414 
0.418 -0.0582094 
0.4181 -0.0585527 
0.4182 -0.0588735 
0.4183 -0.0591738 
0.4184 -0.0594551 
0.4185 -0.0597192 
0.4186 -0.0599672 
0.4187 -0.0602003 
0.4188 -0.0604197 
0.4189 -0.0606262 
0.419 -0.0608207 
0.4191 -0.061004 
0.4192 -0.0611768 
0.4193 -0.0613398 
0.4194 -0.0614934 
0.4195 -0.0616384 
0.4196 -0.061775 
0.4197 -0.0619039 
0.4198 -0.0620253 
0.4199 -0.0621398 
0.42 -0.0622476 
0.4201 -0.0623491 
0.4202 -0.0624445 
0.4203 -0.0625343 
0.4204 -0.0626186 
0.4205 -0.0626977 
0.4206 -0.0627718 
0.4207 -0.0628412 
0.4208 -0.0629061 
0.4209 -0.0629666 
0.421 -0.063023 
0.4211 -0.0630755 
0.4212 -0.0631241 
0.4213 -0.0631692 
0.4214 -0.0632108 
0.4215 -0.063249 
0.4216 -0.0632841 
0.4217 -0.0633161 
0.4218 -0.0633451 
0.4219 -0.0633714 
0.422 -0.063395 
0.4221 -0.0634159 
0.4222 -0.0634344 
0.4223 -0.0634505 
0.4224 -0.0634644 
0.4225 -0.063476 
0.4226 -0.0634855 
0.4227 -0.063493 
0.4228 -0.0634986 
0.4229 -0.0635023 
0.423 -0.0635042 
0.4231 -0.0635044 
0.4232 -0.0635029 
0.4233 -0.0634998 
0.4234 -0.0634953 
0.4235 -0.0634892 
0.4236 -0.0634818 
0.4237 -0.063473 
0.4238 -0.0634629 
0.4239 -0.0634516 
0.424 -0.0634391 
0.4241 -0.0634255 
0.4242 -0.0634107 
0.4243 -0.0633949 
0.4244 -0.0633781 
0.4245 -0.0633603 
0.4246 -0.0633416 
0.4247 -0.063322 
0.4248 -0.0633016 
0.4249 -0.0632803 
0.425 -0.0632583 
0.4251 -0.0632355 
0.4252 -0.0632119 
0.4253 -0.0631877 
0.4254 -0.0631629 
0.4255 -0.0631374 
0.4256 -0.0631113 
0.4257 -0.0630847 
0.4258 -0.0630574 
0.4259 -0.0630297 
0.426 -0.0630015 
0.4261 -0.0629728 
0.4262 -0.0629436 
0.4263 -0.0629141 
0.4264 -0.0628841 
0.4265 -0.0628537 
0.4266 -0.0628229 
0.4267 -0.0627918 
0.4268 -0.0627604 
0.4269 -0.0627287 
0.427 -0.0626966 
0.4271 -0.0626643 
0.4272 -0.0626317 
0.4273 -0.0625989 
0.4274 -0.0625658 
0.4275 -0.0625325 
0.4276 -0.062499 
0.4277 -0.0624653 
0.4278 -0.0624314 
0.4279 -0.0623974 
0.428 -0.0623632 
0.4281 -0.0623289 
0.4282 -0.0622944 
0.4283 -0.0622598 
0.4284 -0.0622251 
0.4285 -0.0621903 
0.4286 -0.0621554 
0.4287 -0.0621204 
0.4288 -0.0620854 
0.4289 -0.0620502 
0.429 -0.0620151 
0.4291 -0.0619798 
0.4292 -0.0619446 
0.4293 -0.0619093 
0.4294 -0.061874 
0.4295 -0.0618386 
0.4296 -0.0618033 
0.4297 -0.061768 
0.4298 -0.0617326 
0.4299 -0.0616973 
0.43 -0.0616619 
0.4301 -0.0616266 
0.4302 -0.0615914 
0.4303 -0.0615561 
0.4304 -0.0615209 
0.4305 -0.0614857 
0.4306 -0.0614506 
0.4307 -0.0614155 
0.4308 -0.0613805 
0.4309 -0.0613455 
0.431 -0.0613106 
0.4311 -0.0612758 
0.4312 -0.061241 
0.4313 -0.0612063 
0.4314 -0.0611716 
0.4315 -0.0611371 
0.4316 -0.0611026 
0.4317 -0.0610682 
0.4318 -0.0610339 
0.4319 -0.0609997 
0.432 -0.0609656 
0.4321 -0.0609316 
0.4322 -0.0608976 
0.4323 -0.0608638 
0.4324 -0.0608301 
0.4325 -0.0607964 
0.4326 -0.0607629 
0.4327 -0.0607295 
0.4328 -0.0606962 
0.4329 -0.060663 
0.433 -0.0606299 
0.4331 -0.0605969 
0.4332 -0.060564 
0.4333 -0.0605313 
0.4334 -0.0604986 
0.4335 -0.0604661 
0.4336 -0.0604337 
0.4337 -0.0604014 
0.4338 -0.0603692 
0.4339 -0.0603371 
0.434 -0.0603052 
0.4341 -0.0602734 
0.4342 -0.0602417 
0.4343 -0.0602101 
0.4344 -0.0601786 
0.4345 -0.0601473 
0.4346 -0.0601161 
0.4347 -0.060085 
0.4348 -0.060054 
0.4349 -0.0600232 
0.435 -0.0599924 
0.4351 -0.0599618 
0.4352 -0.0599313 
0.4353 -0.059901 
0.4354 -0.0598707 
0.4355 -0.0598406 
0.4356 -0.0598106 
0.4357 -0.0597807 
0.4358 -0.0597509 
0.4359 -0.0597213 
0.436 -0.0596918 
0.4361 -0.0596624 
0.4362 -0.0596331 
0.4363 -0.0596039 
0.4364 -0.0595748 
0.4365 -0.0595459 
0.4366 -0.0595171 
0.4367 -0.0594884 
0.4368 -0.0594598 
0.4369 -0.0594313 
0.437 -0.0594029 
0.4371 -0.0593747 
0.4372 -0.0593465 
0.4373 -0.0593185 
0.4374 -0.0592906 
0.4375 -0.0592628 
0.4376 -0.0592351 
0.4377 -0.0592075 
0.4378 -0.05918 
0.4379 -0.0591526 
0.438 -0.0591253 
0.4381 -0.0590982 
0.4382 -0.0590711 
0.4383 -0.0590441 
0.4384 -0.0590173 
0.4385 -0.0589905 
0.4386 -0.0589638 
0.4387 -0.0589372 
0.4388 -0.0589108 
0.4389 -0.0588844 
0.439 -0.0588581 
0.4391 -0.0588319 
0.4392 -0.0588058 
0.4393 -0.0587798 
0.4394 -0.0587539 
0.4395 -0.058728 
0.4396 -0.0587023 
0.4397 -0.0586766 
0.4398 -0.0586511 
0.4399 -0.0586256 
0.44 -0.0586002 
0.4401 -0.0585748 
0.4402 -0.0585496 
0.4403 -0.0585244 
0.4404 -0.0584993 
0.4405 -0.0584743 
0.4406 -0.0584494 
0.4407 -0.0584245 
0.4408 -0.0583997 
0.4409 -0.058375 
0.441 -0.0583503 
0.4411 -0.0583257 
0.4412 -0.0583012 
0.4413 -0.0582768 
0.4414 -0.0582524 
0.4415 -0.058228 
0.4416 -0.0582038 
0.4417 -0.0581796 
0.4418 -0.0581554 
0.4419 -0.0581313 
0.442 -0.0581073 
0.4421 -0.0580833 
0.4422 -0.0580594 
0.4423 -0.0580355 
0.4424 -0.0580116 
0.4425 -0.0579878 
0.4426 -0.0579641 
0.4427 -0.0579404 
0.4428 -0.0579168 
0.4429 -0.0578931 
0.443 -0.0578696 
0.4431 -0.057846 
0.4432 -0.0578225 
0.4433 -0.0577991 
0.4434 -0.0577756 
0.4435 -0.0577522 
0.4436 -0.0577289 
0.4437 -0.0577055 
0.4438 -0.0576822 
0.4439 -0.0576589 
0.444 -0.0576356 
0.4441 -0.0576124 
0.4442 -0.0575891 
0.4443 -0.0575659 
0.4444 -0.0575427 
0.4445 -0.0575195 
0.4446 -0.0574964 
0.4447 -0.0574732 
0.4448 -0.0574501 
0.4449 -0.0574269 
0.445 -0.0574038 
0.4451 -0.0573806 
0.4452 -0.0573575 
0.4453 -0.0573343 
0.4454 -0.0573112 
0.4455 -0.057288 
0.4456 -0.0572648 
0.4457 -0.0572417 
0.4458 -0.0572185 
0.4459 -0.0571953 
0.446 -0.057172 
0.4461 -0.0571488 
0.4462 -0.0571255 
0.4463 -0.0571022 
0.4464 -0.0570789 
0.4465 -0.0570556 
0.4466 -0.0570322 
0.4467 -0.0570088 
0.4468 -0.0569853 
0.4469 -0.0569618 
0.447 -0.0569383 
0.4471 -0.0569147 
0.4472 -0.0568911 
0.4473 -0.0568674 
0.4474 -0.0568436 
0.4475 -0.0568198 
0.4476 -0.056796 
0.4477 -0.0567721 
0.4478 -0.0567481 
0.4479 -0.056724 
0.448 -0.0566999 
0.4481 -0.0566757 
0.4482 -0.0566514 
0.4483 -0.056627 
0.4484 -0.0566025 
0.4485 -0.056578 
0.4486 -0.0565533 
0.4487 -0.0565286 
0.4488 -0.0565037 
0.4489 -0.0564787 
0.449 -0.0564537 
0.4491 -0.0564285 
0.4492 -0.0564031 
0.4493 -0.0563777 
0.4494 -0.0563521 
0.4495 -0.0563264 
0.4496 -0.0563005 
0.4497 -0.0562745 
0.4498 -0.0562484 
0.4499 -0.056222 
0.45 -0.0561956 
0.4501 -0.0561689 
0.4502 -0.0561421 
0.4503 -0.056115 
0.4504 -0.0560878 
0.4505 -0.0560604 
0.4506 -0.0560328 
0.4507 -0.056005 
0.4508 -0.0559769 
0.4509 -0.0559486 
0.451 -0.0559201 
0.4511 -0.0558913 
0.4512 -0.0558623 
0.4513 -0.055833 
0.4514 -0.0558034 
0.4515 -0.0557736 
0.4516 -0.0557434 
0.4517 -0.0557129 
0.4518 -0.0556821 
0.4519 -0.055651 
0.452 -0.0556195 
0.4521 -0.0555877 
0.4522 -0.0555555 
0.4523 -0.0555229 
0.4524 -0.0554899 
0.4525 -0.0554564 
0.4526 -0.0554225 
0.4527 -0.0553882 
0.4528 -0.0553534 
0.4529 -0.0553181 
0.453 -0.0552822 
0.4531 -0.0552458 
0.4532 -0.0552088 
0.4533 -0.0551713 
0.4534 -0.0551331 
0.4535 -0.0550942 
0.4536 -0.0550547 
0.4537 -0.0550145 
0.4538 -0.0549735 
0.4539 -0.0549317 
0.454 -0.054889 
0.4541 -0.0548455 
0.4542 -0.0548011 
0.4543 -0.0547557 
0.4544 -0.0547092 
0.4545 -0.0546617 
0.4546 -0.054613 
0.4547 -0.0545631 
0.4548 -0.0545119 
0.4549 -0.0544593 
0.455 -0.0544053 
0.4551 -0.0543497 
0.4552 -0.0542924 
0.4553 -0.0542333 
0.4554 -0.0541724 
0.4555 -0.0541094 
0.4556 -0.0540441 
0.4557 -0.0539765 
0.4558 -0.0539064 
0.4559 -0.0538334 
0.456 -0.0537574 
0.4561 -0.053678 
0.4562 -0.0535951 
0.4563 -0.0535081 
0.4564 -0.0534167 
0.4565 -0.0533205 
0.4566 -0.0532188 
0.4567 -0.0531111 
0.4568 -0.0529965 
0.4569 -0.0528742 
0.457 -0.0527431 
0.4571 -0.0526019 
0.4572 -0.0524489 
0.4573 -0.0522821 
0.4574 -0.0520991 
0.4575 -0.0518967 
0.4576 -0.0516705 
0.4577 -0.0514151 
0.4578 -0.0511226 
0.4579 -0.0507823 
0.458 -0.0503783 
0.4581 -0.0498861 
0.4582 -0.0492664 
0.4583 -0.0484501 
0.4584 -0.0473044 
0.4585 -0.0455354 
0.4586 -0.0423432 
0.4587 -0.0347489 
0.4588 -0.0101307 
0.4589 0.0176579 
0.459 0.0205912 
0.4591 0.0149027 
0.4592 0.00658246 
0.4593 -0.00221323 
0.4594 -0.0104135 
0.4595 -0.017414 
0.4596 -0.0229462 
0.4597 -0.0271855 
0.4598 -0.0305068 
0.4599 -0.0332248 
0.46 -0.0355514 
0.4601 -0.0376223 
0.4602 -0.0395218 
0.4603 -0.0412998 
0.4604 -0.0429806 
0.4605 -0.044571 
0.4606 -0.046067 
0.4607 -0.0474603 
0.4608 -0.0487428 
0.4609 -0.049912 
0.461 -0.0509709 
0.4611 -0.0519265 
0.4612 -0.0527888 
0.4613 -0.0535683 
0.4614 -0.0542753 
0.4615 -0.0549191 
0.4616 -0.0555077 
0.4617 -0.056048 
0.4618 -0.0565456 
0.4619 -0.0570056 
0.462 -0.0574318 
0.4621 -0.0578278 
0.4622 -0.0581965 
0.4623 -0.0585405 
0.4624 -0.0588619 
0.4625 -0.0591627 
0.4626 -0.0594447 
0.4627 -0.0597092 
0.4628 -0.0599577 
0.4629 -0.0601912 
0.463 -0.060411 
0.4631 -0.0606179 
0.4632 -0.0608128 
0.4633 -0.0609964 
0.4634 -0.0611696 
0.4635 -0.0613328 
0.4636 -0.0614868 
0.4637 -0.061632 
0.4638 -0.0617689 
0.4639 -0.061898 
0.464 -0.0620197 
0.4641 -0.0621343 
0.4642 -0.0622423 
0.4643 -0.062344 
0.4644 -0.0624397 
0.4645 -0.0625296 
0.4646 -0.0626141 
0.4647 -0.0626933 
0.4648 -0.0627676 
0.4649 -0.0628371 
0.465 -0.0629021 
0.4651 -0.0629628 
0.4652 -0.0630194 
0.4653 -0.0630719 
0.4654 -0.0631207 
0.4655 -0.0631659 
0.4656 -0.0632075 
0.4657 -0.0632459 
0.4658 -0.063281 
0.4659 -0.0633131 
0.466 -0.0633423 
0.4661 -0.0633686 
0.4662 -0.0633922 
0.4663 -0.0634133 
0.4664 -0.0634318 
0.4665 -0.063448 
0.4666 -0.0634619 
0.4667 -0.0634736 
0.4668 -0.0634831 
0.4669 -0.0634907 
0.467 -0.0634963 
0.4671 -0.0635 
0.4672 -0.063502 
0.4673 -0.0635022 
0.4674 -0.0635008 
0.4675 -0.0634977 
0.4676 -0.0634932 
0.4677 -0.0634872 
0.4678 -0.0634798 
0.4679 -0.063471 
0.468 -0.063461 
0.4681 -0.0634497 
0.4682 -0.0634372 
0.4683 -0.0634235 
0.4684 -0.0634088 
0.4685 -0.063393 
0.4686 -0.0633762 
0.4687 -0.0633584 
0.4688 -0.0633397 
0.4689 -0.0633201 
0.469 -0.0632997 
0.4691 -0.0632784 
0.4692 -0.0632564 
0.4693 -0.0632336 
0.4694 -0.0632101 
0.4695 -0.0631859 
0.4696 -0.063161 
0.4697 -0.0631355 
0.4698 -0.0631094 
0.4699 -0.0630827 
0.47 -0.0630555 
0.4701 -0.0630278 
0.4702 -0.0629996 
0.4703 -0.0629708 
0.4704 -0.0629417 
0.4705 -0.0629121 
0.4706 -0.0628821 
0.4707 -0.0628517 
0.4708 -0.0628209 
0.4709 -0.0627898 
0.471 -0.0627583 
0.4711 -0.0627266 
0.4712 -0.0626945 
0.4713 -0.0626622 
0.4714 -0.0626296 
0.4715 -0.0625967 
0.4716 -0.0625636 
0.4717 -0.0625303 
0.4718 -0.0624967 
0.4719 -0.062463 
0.472 -0.0624291 
0.4721 -0.0623951 
0.4722 -0.0623608 
0.4723 -0.0623265 
0.4724 -0.062292 
0.4725 -0.0622573 
0.4726 -0.0622226 
0.4727 -0.0621878 
0.4728 -0.0621528 
0.4729 -0.0621178 
0.473 -0.0620827 
0.4731 -0.0620476 
0.4732 -0.0620124 
0.4733 -0.0619771 
0.4734 -0.0619418 
0.4735 -0.0619065 
0.4736 -0.0618711 
0.4737 -0.0618358 
0.4738 -0.0618004 
0.4739 -0.061765 
0.474 -0.0617296 
0.4741 -0.0616942 
0.4742 -0.0616589 
0.4743 -0.0616235 
0.4744 -0.0615882 
0.4745 -0.0615529 
0.4746 -0.0615177 
0.4747 -0.0614825 
0.4748 -0.0614473 
0.4749 -0.0614122 
0.475 -0.0613771 
0.4751 -0.0613421 
0.4752 -0.0613071 
0.4753 -0.0612722 
0.4754 -0.0612374 
0.4755 -0.0612027 
0.4756 -0.061168 
0.4757 -0.0611334 
0.4758 -0.0610989 
0.4759 -0.0610645 
0.476 -0.0610301 
0.4761 -0.0609959 
0.4762 -0.0609617 
0.4763 -0.0609276 
0.4764 -0.0608936 
0.4765 -0.0608598 
0.4766 -0.060826 
0.4767 -0.0607923 
0.4768 -0.0607587 
0.4769 -0.0607253 
0.477 -0.0606919 
0.4771 -0.0606587 
0.4772 -0.0606255 
0.4773 -0.0605925 
0.4774 -0.0605596 
0.4775 -0.0605267 
0.4776 -0.0604941 
0.4777 -0.0604615 
0.4778 -0.060429 
0.4779 -0.0603967 
0.478 -0.0603644 
0.4781 -0.0603323 
0.4782 -0.0603003 
0.4783 -0.0602685 
0.4784 -0.0602367 
0.4785 -0.0602051 
0.4786 -0.0601736 
0.4787 -0.0601422 
0.4788 -0.0601109 
0.4789 -0.0600798 
0.479 -0.0600487 
0.4791 -0.0600178 
0.4792 -0.059987 
0.4793 -0.0599564 
0.4794 -0.0599258 
0.4795 -0.0598954 
0.4796 -0.0598651 
0.4797 -0.0598349 
0.4798 -0.0598049 
0.4799 -0.0597749 
0.48 -0.0597451 
0.4801 -0.0597154 
0.4802 -0.0596858 
0.4803 -0.0596564 
0.4804 -0.059627 
0.4805 -0.0595978 
0.4806 -0.0595687 
0.4807 -0.0595397 
0.4808 -0.0595108 
0.4809 -0.0594821 
0.481 -0.0594534 
0.4811 -0.0594249 
0.4812 -0.0593964 
0.4813 -0.0593681 
0.4814 -0.0593399 
0.4815 -0.0593118 
0.4816 -0.0592839 
0.4817 -0.059256 
0.4818 -0.0592282 
0.4819 -0.0592006 
0.482 -0.059173 
0.4821 -0.0591456 
0.4822 -0.0591182 
0.4823 -0.059091 
0.4824 -0.0590639 
0.4825 -0.0590368 
0.4826 -0.0590099 
0.4827 -0.0589831 
0.4828 -0.0589564 
0.4829 -0.0589297 
0.483 -0.0589032 
0.4831 -0.0588767 
0.4832 -0.0588504 
0.4833 -0.0588241 
0.4834 -0.0587979 
0.4835 -0.0587719 
0.4836 -0.0587459 
0.4837 -0.05872 
0.4838 -0.0586942 
0.4839 -0.0586684 
0.484 -0.0586428 
0.4841 -0.0586172 
0.4842 -0.0585918 
0.4843 -0.0585664 
0.4844 -0.058541 
0.4845 -0.0585158 
0.4846 -0.0584906 
0.4847 -0.0584656 
0.4848 -0.0584405 
0.4849 -0.0584156 
0.485 -0.0583907 
0.4851 -0.0583659 
0.4852 -0.0583412 
0.4853 -0.0583165 
0.4854 -0.0582919 
0.4855 -0.0582674 
0.4856 -0.0582429 
0.4857 -0.0582185 
0.4858 -0.0581942 
0.4859 -0.0581699 
0.486 -0.0581457 
0.4861 -0.0581215 
0.4862 -0.0580974 
0.4863 -0.0580733 
0.4864 -0.0580493 
0.4865 -0.0580253 
0.4866 -0.0580014 
0.4867 -0.0579775 
0.4868 -0.0579537 
0.4869 -0.0579299 
0.487 -0.0579061 
0.4871 -0.0578824 
0.4872 -0.0578588 
0.4873 -0.0578352 
0.4874 -0.0578116 
0.4875 -0.057788 
0.4876 -0.0577645 
0.4877 -0.057741 
0.4878 -0.0577175 
0.4879 -0.0576941 
0.488 -0.0576707 
0.4881 -0.0576473 
0.4882 -0.0576239 
0.4883 -0.0576005 
0.4884 -0.0575772 
0.4885 -0.0575539 
0.4886 -0.0575306 
0.4887 -0.0575073 
0.4888 -0.057484 
0.4889 -0.0574607 
0.489 -0.0574375 
0.4891 -0.0574142 
0.4892 -0.057391 
0.4893 -0.0573677 
0.4894 -0.0573444 
0.4895 -0.0573212 
0.4896 -0.0572979 
0.4897 -0.0572746 
0.4898 -0.0572513 
0.4899 -0.057228 
0.49 -0.0572047 
0.4901 -0.0571814 
0.4902 -0.057158 
0.4903 -0.0571347 
0.4904 -0.0571113 
0.4905 -0.0570878 
0.4906 -0.0570644 
0.4907 -0.0570409 
0.4908 -0.0570174 
0.4909 -0.0569938 
0.491 -0.0569702 
0.4911 -0.0569466 
0.4912 -0.0569229 
0.4913 -0.0568991 
0.4914 -0.0568754 
0.4915 -0.0568515 
0.4916 -0.0568276 
0.4917 -0.0568037 
0.4918 -0.0567796 
0.4919 -0.0567555 
0.492 -0.0567314 
0.4921 -0.0567072 
0.4922 -0.0566828 
0.4923 -0.0566585 
0.4924 -0.056634 
0.4925 -0.0566094 
0.4926 -0.0565848 
0.4927 -0.05656 
0.4928 -0.0565352 
0.4929 -0.0565102 
0.493 -0.0564851 
0.4931 -0.05646 
0.4932 -0.0564347 
0.4933 -0.0564093 
0.4934 -0.0563837 
0.4935 -0.056358 
0.4936 -0.0563322 
0.4937 -0.0563063 
0.4938 -0.0562802 
0.4939 -0.0562539 
0.494 -0.0562275 
0.4941 -0.0562009 
0.4942 -0.0561742 
0.4943 -0.0561472 
0.4944 -0.0561201 
0.4945 -0.0560928 
0.4946 -0.0560653 
0.4947 -0.0560376 
0.4948 -0.0560097 
0.4949 -0.0559815 
0.495 -0.0559531 
0.4951 -0.0559245 
0.4952 -0.0558956 
0.4953 -0.0558665 
0.4954 -0.0558371 
0.4955 -0.0558075 
0.4956 -0.0557775 
0.4957 -0.0557472 
0.4958 -0.0557167 
0.4959 -0.0556858 
0.496 -0.0556546 
0.4961 -0.055623 
0.4962 -0.0555911 
0.4963 -0.0555588 
0.4964 -0.0555261 
0.4965 -0.0554929 
0.4966 -0.0554594 
0.4967 -0.0554254 
0.4968 -0.055391 
0.4969 -0.0553561 
0.497 -0.0553206 
0.4971 -0.0552847 
0.4972 -0.0552482 
0.4973 -0.0552111 
0.4974 -0.0551734 
0.4975 -0.0551351 
0.4976 -0.0550962 
0.4977 -0.0550565 
0.4978 -0.0550162 
0.4979 -0.054975 
0.498 -0.0549331 
0.4981 -0.0548904 
0.4982 -0.0548467 
0.4983 -0.0548022 
0.4984 -0.0547566 
0.4985 -0.05471 
0.4986 -0.0546624 
0.4987 -0.0546135 
0.4988 -0.0545635 
0.4989 -0.0545122 
0.499 -0.0544594 
0.4991 -0.0544052 
0.4992 -0.0543495 
0.4993 -0.054292 
0.4994 -0.0542328 
0.4995 -0.0541717 
0.4996 -0.0541084 
0.4997 -0.054043 
0.4998 -0.0539752 
0.4999 -0.0539048 
