0.0175  0.032  0.04655  0.06115  0.07575  0.0903  0.1049  0.1195  0.13405  0.14865  0.16325  0.17785  0.1924  0.207  0.2216  0.23615  
0.0046  0.0188  0.03305  0.0473  0.0616  0.07585  0.09015  0.1044  0.1187  0.13295  0.14725  0.1615  0.17575  0.19005  0.2043  0.2186  0.23285  0.24715  
0.0182  0.03265  0.04715  0.0617  0.07625  0.09075  0.1053  0.1198  0.13435  0.14885  0.1634  0.17795  0.19245  0.207  0.2215  0.23605  
0.2059  0.22065  0.2355  
0.004  0.018  0.0321  0.0462  0.0603  0.0744  0.0885  0.1026  0.1167  0.1308  0.1449  0.159  0.17305  0.18715  0.20125  0.21535  0.22945  0.24355  
0.00565  0.01995  0.0344  0.0488  0.06325  0.0777  0.0921  0.10655  0.121  0.1354  0.14985  0.1643  0.1787  0.19315  0.2076  0.222  0.23645  
0.00455  0.01875  0.033  0.0473  0.06155  0.0758  0.0901  0.10435  0.1186  0.1329  0.14715  0.1614  0.1757  0.18995  0.2042  0.2185  0.23275  0.247  
0.20565  0.22035  0.23515  0.25  
0.00365  0.0176  0.03155  0.0455  0.0595  0.07345  0.0874  0.1014  0.11535  0.1293  0.1433  0.15725  0.1712  0.1852  0.19915  0.2131  0.2271  0.24105  
0.0173  0.03175  0.04625  0.06085  0.0754  0.08995  0.1045  0.11905  0.1336  0.14815  0.1627  0.17725  0.1918  0.20635  0.2209  0.2355  
0.0053  0.0196  0.034  0.0484  0.0628  0.0772  0.0916  0.106  0.1204  0.1348  0.1492  0.1636  0.178  0.1924  0.2068  0.22115  0.23555  0.24995  
0.00395  0.018  0.03205  0.04615  0.06025  0.07435  0.0884  0.1025  0.1166  0.1307  0.14475  0.15885  0.17295  0.18705  0.2011  0.2152  0.2293  0.2434  
0.02945  0.04395  0.05865  0.0733  0.08795  0.10265  0.1173  0.132  0.14665  0.1613  0.176  0.19065  0.2053  0.22  0.23465  0.24935  

0.08455  0.0992  0.11395  0.12875  0.14355  0.1583  0.1731  0.1879  0.20265  0.21745  0.23225  0.247  
0.0037  0.01765  0.03165  0.04565  0.05965  0.07365  0.0876  0.1016  0.1156  0.1296  0.1436  0.1576  0.1716  0.18555  0.19955  0.21355  0.22755  0.24155  
0.0624  0.077  0.09175  0.1065  0.12125  0.136  0.15075  0.1655  0.18025  0.195  0.2097  0.22445  0.2392  

0.0036  0.01745  0.0314  0.0453  0.05925  0.07315  0.0871  0.101  0.11495  0.1289  0.1428  0.15675  0.17065  0.1846  0.1985  0.21245  0.22635  0.2403  
0.0039  0.0179  0.03195  0.04605  0.0601  0.0742  0.08825  0.1023  0.1164  0.13045  0.1445  0.1586  0.17265  0.1867  0.2008  0.21485  0.2289  0.243  
0.08475  0.0994  0.11415  0.12895  0.1437  0.1585  0.1733  0.1881  0.20285  0.21765  0.23245  0.2472  
0.0054  0.01965  0.03405  0.04845  0.0629  0.0773  0.0917  0.1061  0.1205  0.1349  0.1493  0.1637  0.1781  0.1925  0.2069  0.2213  0.23575  
0.00525  0.01955  0.0339  0.0483  0.0627  0.07705  0.09145  0.10585  0.12025  0.1346  0.149  0.1634  0.1778  0.19215  0.20655  0.22095  0.23535  0.2497  
0.00445  0.0186  0.03285  0.0471  0.0613  0.07555  0.0898  0.104  0.11825  0.1325  0.14675  0.16095  0.1752  0.18945  0.2037  0.2179  0.23215  0.2464  
0.0042  0.0183  0.0325  0.04665  0.0608  0.075  0.08915  0.10335  0.1175  0.13165  0.14585  0.16  0.1742  0.18835  0.20255  0.2167  0.23085  0.24505  
0.0038  0.01775  0.03175  0.04575  0.0598  0.0738  0.0878  0.10185  0.11585  0.12985  0.1439  0.1579  0.1719  0.1859  0.19995  0.21395  0.22795  0.242  
0.004  0.01805  0.03215  0.0463  0.0604  0.0745  0.0886  0.1027  0.1168  0.13095  0.14505  0.15915  0.17325  0.18735  0.20145  0.2156  0.2297  0.2438  
0.08455  0.09925  0.114  0.1288  0.14355  0.15835  0.17315  0.1879  0.2027  0.2175  0.23225  0.24705  
0.0046  0.0188  0.03305  0.0473  0.0616  0.07585  0.0901  0.1044  0.11865  0.13295  0.1472  0.16145  0.17575  0.19  0.2043  0.21855  0.2328  0.2471  
0.0048  0.01905  0.03335  0.0477  0.062  0.0763  0.09065  0.10495  0.1193  0.1336  0.1479  0.16225  0.17655  0.19085  0.2052  0.2195  0.23385  0.24815  
0.0735  0.08815  0.1029  0.11765  0.1324  0.1472  0.16195  0.1767  0.1915  0.20625  0.221  0.2358  
0.00395  0.01795  0.03205  0.0461  0.0602  0.07425  0.08835  0.10245  0.1165  0.1306  0.14465  0.15875  0.17285  0.1869  0.201  0.21505  0.22915  0.24325  
0.0039  0.0179  0.032  0.04605  0.0601  0.0742  0.08825  0.10235  0.1164  0.13045  0.14455  0.1586  0.17265  0.18675  0.2008  0.2149  0.22895  0.243  
0.0288  0.04335  0.05795  0.0726  0.08725  0.10185  0.1165  0.13115  0.14575  0.1604  0.17505  0.1897  0.2043  0.21895  0.2336  0.2482  
0.0041  0.01815  0.03225  0.0464  0.0605  0.07465  0.0888  0.1029  0.11705  0.13115  0.1453  0.1594  0.17355  0.1877  0.2018  0.21595  0.23005  0.2442  
0.0084  0.02265  0.03715  0.0517  0.0662  0.08075  0.09525  0.1098  0.1243  0.13885  0.15335  0.1679  0.1824  0.19695  0.21145  0.226  0.2405  
0.0639  0.07845  0.0932  0.10795  0.12275  0.1375  0.15225  0.167  0.18175  0.19655  0.2113  0.22605  0.2408  
0.0039  0.0179  0.03195  0.04605  0.0601  0.07415  0.08825  0.1023  0.11635  0.13045  0.1445  0.15855  0.17265  0.1867  0.20075  0.21485  0.2289  0.24295  
0.00355  0.0174  0.0313  0.0452  0.0591  0.073  0.0869  0.1008  0.1147  0.1286  0.1425  0.1564  0.1703  0.1842  0.1981  0.212  0.2259  0.2398  
0.0064  0.02075  0.03525  0.04975  0.0642  0.0787  0.0932  0.1077  0.12215  0.13665  0.15115  0.16565  0.18015  0.1946  0.2091  0.2236  0.2381  
0.00365  0.0176  0.03155  0.0455  0.05945  0.07345  0.0874  0.10135  0.11535  0.1293  0.14325  0.15725  0.1712  0.18515  0.1991  0.2131  0.22705  0.241  
0.00385  0.01785  0.0319  0.04595  0.06005  0.0741  0.08815  0.1022  0.11625  0.1303  0.14435  0.1584  0.17245  0.1865  0.20055  0.2146  0.2287  0.24275  
0.00405  0.0181  0.03225  0.04635  0.0605  0.0746  0.08875  0.10285  0.117  0.1311  0.14525  0.15935  0.17345  0.1876  0.2017  0.21585  0.22995  0.2441  
0.0042  0.0183  0.0325  0.04665  0.0608  0.075  0.08915  0.10335  0.1175  0.1317  0.14585  0.16  0.1742  0.18835  0.20255  0.2167  0.2309  0.24505  
0.07345  0.0881  0.10285  0.11765  0.1324  0.1472  0.16195  0.1767  0.1915  0.20625  0.221  0.2358  
0.0061  0.02045  0.0349  0.0494  0.06385  0.0783  0.0928  0.10725  0.12175  0.1362  0.1507  0.16515  0.1796  0.1941  0.20855  0.22305  0.2375  
0.0035  0.01735  0.03125  0.04515  0.059  0.0729  0.0868  0.1007  0.1146  0.12845  0.14235  0.15625  0.17015  0.18405  0.19795  0.2118  0.2257  0.2396  
0.00535  0.0196  0.034  0.0484  0.0628  0.0772  0.0916  0.106  0.1204  0.1348  0.1492  0.1636  0.178  0.1924  0.2068  0.2212  0.2356  0.25  
0.0037  0.01765  0.03165  0.04565  0.05965  0.07365  0.08765  0.10165  0.1156  0.1296  0.1436  0.1576  0.1716  0.1856  0.1996  0.2136  0.22755  0.24155  
0.0067  0.02105  0.03555  0.05005  0.06455  0.07905  0.09355  0.10805  0.12255  0.13705  0.15155  0.16605  0.18055  0.19505  0.20955  0.22405  0.23855  
0.04005  0.0546  0.0693  0.084  0.0987  0.11335  0.12805  0.14275  0.15745  0.1721  0.1868  0.2015  0.2162  0.23085  0.24555  
0.0044  0.01855  0.03275  0.047  0.0612  0.07545  0.08965  0.1039  0.1181  0.13235  0.14655  0.1608  0.175  0.1892  0.20345  0.21765  0.2319  0.2461  
0.00545  0.01975  0.03415  0.04855  0.06295  0.07735  0.0918  0.1062  0.1206  0.135  0.1494  0.16385  0.17825  0.19265  0.20705  0.2215  0.2359  
0.01825  0.0327  0.0473  0.0619  0.0765  0.09115  0.10575  0.12035  0.13495  0.14955  0.1642  0.1788  0.1934  0.208  0.22265  0.23725  
0.0039  0.0179  0.032  0.04605  0.06015  0.0742  0.08825  0.10235  0.1164  0.1305  0.14455  0.1586  0.1727  0.18675  0.20085  0.2149  0.22895  0.24305  
0.00465  0.0188  0.0331  0.0474  0.06165  0.07595  0.0902  0.1045  0.11875  0.13305  0.14735  0.1616  0.1759  0.19015  0.20445  0.21875  0.233  0.2473  
0.00465  0.01885  0.0331  0.0474  0.0617  0.07595  0.09025  0.10455  0.1188  0.1331  0.1474  0.16165  0.17595  0.19025  0.2045  0.2188  0.2331  0.24735  

0.02875  0.0433  0.05795  0.07255  0.0872  0.10185  0.1165  0.1311  0.14575  0.1604  0.17505  0.18965  0.2043  0.21895  0.2336  0.2482  
0.00385  0.0178  0.03185  0.0459  0.0599  0.07395  0.088  0.10205  0.11605  0.1301  0.14415  0.1582  0.1722  0.18625  0.2003  0.21435  0.22835  0.2424  
0.0055  0.0198  0.0342  0.0486  0.063  0.07745  0.09185  0.10625  0.1207  0.1351  0.1495  0.16395  0.17835  0.19275  0.2072  0.2216  0.236  
0.09565  0.11035  0.1251  0.1399  0.1547  0.1695  0.1843  0.1991  0.2139  0.2287  0.24345  
0.21685  0.23155  0.2464  
0.03075  0.0452  0.05985  0.07455  0.0892  0.1039  0.11855  0.13325  0.1479  0.1626  0.17725  0.19195  0.20665  0.2213  0.236  
0.00455  0.01875  0.033  0.0473  0.06155  0.0758  0.0901  0.10435  0.1186  0.1329  0.14715  0.1614  0.17565  0.18995  0.2042  0.21845  0.23275  0.247  
0.0041  0.01815  0.0323  0.0464  0.06055  0.07465  0.0888  0.10295  0.11705  0.1312  0.1453  0.15945  0.1736  0.1877  0.20185  0.216  0.2301  0.24425  
0.02905  0.04355  0.0582  0.07285  0.08755  0.1022  0.11685  0.1315  0.1462  0.16085  0.1755  0.19015  0.2048  0.2195  0.23415  0.2488  

0.0635  0.07805  0.0928  0.10755  0.1223  0.1371  0.15185  0.1666  0.18135  0.1961  0.2109  0.22565  0.2404  
0.0051  0.01935  0.03375  0.0481  0.06245  0.07685  0.0912  0.10555  0.11995  0.1343  0.14865  0.16305  0.1774  0.19175  0.20615  0.2205  0.23485  0.24925  
0.0053  0.0196  0.034  0.0484  0.0628  0.0772  0.0916  0.106  0.1204  0.1348  0.1492  0.16355  0.17795  0.19235  0.20675  0.22115  0.23555  0.24995  
0.005  0.01925  0.03355  0.0479  0.06225  0.0766  0.09095  0.1053  0.11965  0.134  0.14835  0.1627  0.17705  0.1914  0.20575  0.2201  0.23445  0.2488  
0.007  0.0213  0.0358  0.05035  0.06485  0.07935  0.09385  0.10835  0.12285  0.1374  0.1519  0.1664  0.1809  0.1954  0.20995  0.22445  0.23895  
0.0048  0.019  0.03335  0.04765  0.06195  0.0763  0.0906  0.1049  0.1192  0.13355  0.14785  0.16215  0.1765  0.1908  0.2051  0.2194  0.23375  0.24805  
0.00365  0.01755  0.0315  0.04545  0.0594  0.07335  0.0873  0.10125  0.1152  0.12915  0.1431  0.15705  0.171  0.185  0.19895  0.2129  0.22685  0.2408  
0.0055  0.0198  0.03425  0.04865  0.06305  0.0775  0.0919  0.10635  0.12075  0.13515  0.1496  0.164  0.17845  0.19285  0.20725  0.2217  0.2361  
0.004  0.018  0.0321  0.0462  0.0603  0.0744  0.0885  0.1026  0.1167  0.1308  0.1449  0.15895  0.17305  0.18715  0.20125  0.21535  0.22945  0.24355  
0.00355  0.0174  0.0313  0.0452  0.0591  0.073  0.0869  0.1008  0.1147  0.1286  0.1425  0.1564  0.1703  0.1842  0.1981  0.212  0.2259  0.23985  
0.01805  0.0325  0.0471  0.0617  0.0763  0.0909  0.1055  0.1201  0.1347  0.14935  0.16395  0.17855  0.19315  0.20775  0.22235  0.23695  
0.0047  0.0189  0.03315  0.04745  0.06175  0.07605  0.0903  0.1046  0.1189  0.1332  0.1475  0.16175  0.17605  0.19035  0.20465  0.2189  0.2332  0.2475  
0.0058  0.02015  0.0346  0.04905  0.0635  0.07795  0.0924  0.10685  0.1213  0.1357  0.15015  0.1646  0.17905  0.1935  0.20795  0.2224  0.23685  
0.0051  0.0194  0.03375  0.0481  0.0625  0.07685  0.09125  0.1056  0.11995  0.13435  0.1487  0.1631  0.17745  0.1918  0.2062  0.22055  0.23495  0.2493  
0.0062  0.02055  0.03505  0.0495  0.064  0.07845  0.09295  0.1074  0.1219  0.1364  0.15085  0.16535  0.1798  0.1943  0.20875  0.22325  0.23775  
0.0056  0.01995  0.03435  0.0488  0.0632  0.07765  0.0921  0.1065  0.12095  0.1354  0.1498  0.16425  0.17865  0.1931  0.20755  0.22195  0.2364  
0.0041  0.01815  0.0323  0.0464  0.06055  0.07465  0.0888  0.10295  0.11705  0.1312  0.14535  0.15945  0.1736  0.18775  0.20185  0.216  0.2301  0.24425  
0.00375  0.0177  0.03175  0.04575  0.05975  0.07375  0.08775  0.1018  0.1158  0.1298  0.1438  0.1578  0.17185  0.18585  0.19985  0.21385  0.2279  0.2419  
0.0038  0.0178  0.0318  0.04585  0.05985  0.0739  0.0879  0.10195  0.11595  0.13  0.14405  0.15805  0.1721  0.1861  0.20015  0.21415  0.2282  0.24225  
0.00425  0.01835  0.03255  0.0467  0.0609  0.07505  0.08925  0.10345  0.1176  0.1318  0.14595  0.16015  0.17435  0.1885  0.2027  0.2169  0.23105  0.24525  
0.00375  0.0177  0.03175  0.04575  0.05975  0.07375  0.0878  0.1018  0.1158  0.1298  0.14385  0.15785  0.17185  0.18585  0.1999  0.2139  0.2279  0.2419  
0.0048  0.01905  0.03335  0.0477  0.062  0.0763  0.09065  0.10495  0.1193  0.1336  0.1479  0.16225  0.17655  0.19085  0.2052  0.2195  0.23385  0.24815  
0.01735  0.0318  0.0463  0.06085  0.0754  0.08995  0.1045  0.11905  0.1336  0.14815  0.1627  0.17725  0.1918  0.2063  0.22085  0.2354  0.24995  
0.1177  0.13235  0.14715  0.162  0.1768  0.1916  0.2064  0.2212  0.23605  

0.0036  0.0175  0.0314  0.04535  0.0593  0.0732  0.08715  0.1011  0.11505  0.12895  0.1429  0.15685  0.17075  0.1847  0.19865  0.2126  0.2265  0.24045  
0.00415  0.01825  0.0324  0.04655  0.0607  0.07485  0.08905  0.1032  0.11735  0.1315  0.14565  0.1598  0.17395  0.1881  0.2023  0.21645  0.2306  0.24475  
0.0036  0.0175  0.03145  0.0454  0.05935  0.0733  0.08725  0.1012  0.11515  0.1291  0.14305  0.157  0.1709  0.18485  0.1988  0.21275  0.2267  0.24065  
0.0036  0.0175  0.03145  0.0454  0.0593  0.07325  0.0872  0.10115  0.1151  0.129  0.14295  0.1569  0.17085  0.1848  0.1987  0.21265  0.2266  0.24055  
0.0064  0.0207  0.0352  0.0497  0.06415  0.07865  0.09315  0.10765  0.1221  0.1366  0.1511  0.1656  0.18005  0.19455  0.20905  0.22355  0.238  
0.00465  0.01885  0.03315  0.0474  0.0617  0.076  0.09025  0.10455  0.11885  0.1331  0.1474  0.1617  0.17595  0.19025  0.20455  0.2188  0.2331  0.2474  
0.12865  0.14335  0.15815  0.173  0.1878  0.2026  0.21745  0.23225  0.24705  

0.02885  0.0434  0.058  0.07265  0.0873  0.1019  0.11655  0.1312  0.1458  0.16045  0.1751  0.1897  0.20435  0.219  0.2336  0.24825  
0.0043  0.0184  0.0326  0.0468  0.06095  0.07515  0.08935  0.10355  0.11775  0.1319  0.1461  0.1603  0.1745  0.1887  0.2029  0.21705  0.23125  0.24545  
0.0037  0.01765  0.03165  0.0456  0.0596  0.0736  0.0876  0.10155  0.11555  0.12955  0.14355  0.15755  0.1715  0.1855  0.1995  0.2135  0.22745  0.24145  

0.00365  0.01755  0.0315  0.04545  0.0594  0.0734  0.08735  0.1013  0.11525  0.1292  0.14315  0.15715  0.1711  0.18505  0.199  0.21295  0.2269  0.24085  
0.0036  0.0175  0.0314  0.04535  0.0593  0.0732  0.08715  0.1011  0.115  0.12895  0.1429  0.1568  0.17075  0.1847  0.1986  0.21255  0.2265  0.2404  
0.00455  0.0187  0.033  0.04725  0.0615  0.07575  0.09  0.1043  0.11855  0.1328  0.14705  0.1613  0.1756  0.18985  0.2041  0.21835  0.2326  0.2469  
0.00355  0.01745  0.03135  0.0453  0.0592  0.07315  0.08705  0.10095  0.1149  0.1288  0.14275  0.15665  0.1706  0.1845  0.1984  0.21235  0.22625  0.2402  
0.0041  0.01815  0.03225  0.0464  0.0605  0.07465  0.0888  0.1029  0.11705  0.13115  0.1453  0.15945  0.17355  0.1877  0.2018  0.21595  0.23005  0.2442  
0.00485  0.01905  0.0334  0.0477  0.062  0.07635  0.09065  0.105  0.1193  0.13365  0.14795  0.16225  0.1766  0.1909  0.20525  0.21955  0.2339  0.2482  
0.129  0.1437  0.1585  0.1733  0.18815  0.20295  0.21775  0.2326  0.2474  
0.005  0.0193  0.0336  0.048  0.06235  0.0767  0.09105  0.1054  0.11975  0.1341  0.14845  0.1628  0.17715  0.1915  0.20585  0.2202  0.2346  0.24895  
0.0047  0.0189  0.0332  0.0475  0.06175  0.07605  0.09035  0.10465  0.11895  0.13325  0.14755  0.16185  0.1761  0.1904  0.2047  0.219  0.2333  0.2476  
0.05175  0.06635  0.0811  0.0958  0.11055  0.1253  0.14  0.15475  0.1695  0.18425  0.19895  0.2137  0.22845  0.24315  
0.0173  0.03175  0.0463  0.06085  0.0754  0.08995  0.1045  0.11905  0.1336  0.14815  0.1627  0.17725  0.1918  0.20635  0.2209  0.2354  0.24995  
0.0173  0.03175  0.0463  0.06085  0.07545  0.09  0.10455  0.11915  0.1337  0.14825  0.1628  0.1774  0.19195  0.2065  0.2211  0.23565  
0.0042  0.0183  0.03245  0.0466  0.06075  0.07495  0.0891  0.10325  0.11745  0.1316  0.14575  0.15995  0.1741  0.18825  0.2024  0.2166  0.23075  0.2449  
0.00745  0.0218  0.0363  0.0508  0.06535  0.07985  0.09435  0.1089  0.1234  0.1379  0.15245  0.16695  0.1815  0.196  0.2105  0.22505  0.23955  

0.0035  0.0173  0.0312  0.04505  0.05895  0.0728  0.0867  0.10055  0.11445  0.1283  0.1422  0.15605  0.16995  0.18385  0.1977  0.2116  0.22545  0.23935  
0.0038  0.01775  0.03175  0.0458  0.0598  0.0738  0.08785  0.10185  0.1159  0.1299  0.1439  0.15795  0.17195  0.18595  0.2  0.214  0.22805  0.24205  
0.01735  0.03175  0.0463  0.06085  0.0754  0.08995  0.1045  0.11905  0.1336  0.14815  0.1627  0.17725  0.1918  0.2063  0.22085  0.2354  0.24995  
0.0038  0.0178  0.03185  0.04585  0.0599  0.07395  0.08795  0.102  0.11605  0.13005  0.1441  0.15815  0.17215  0.1862  0.20025  0.21425  0.2283  0.24235  

0.00365  0.01755  0.03155  0.0455  0.05945  0.0734  0.0874  0.10135  0.1153  0.1293  0.14325  0.1572  0.17115  0.18515  0.1991  0.21305  0.227  0.241  
0.04  0.0546  0.0693  0.08395  0.09865  0.11335  0.12805  0.14275  0.1574  0.1721  0.1868  0.2015  0.2162  0.23085  0.24555  
0.0513  0.0659  0.0806  0.09535  0.11005  0.1248  0.1395  0.15425  0.169  0.1837  0.19845  0.21315  0.2279  0.2426  
