102 57 
   0.000  100.000  100.000  100.000  100.000  100.000  100.000  100.000  100.000  100.000  100.000  100.000  100.000  100.000  100.000  100.000  100.000  100.000  100.000  100.000  100.000  100.000  100.000  100.000  100.000  100.000  100.000  100.000  100.000  100.000  100.000  100.000  100.000  100.000  100.000  100.000  100.000  100.000  100.000  100.000  100.000  100.000  100.000  100.000  100.000  100.000  100.000  100.000  100.000  100.000  100.000  100.000  100.000  100.000  100.000  100.000  100.000 
   0.010    4.167    6.250    2.083    4.167    2.083    6.250    4.167    8.333    4.167    6.250    2.083    4.167    6.250    4.167    2.083    6.250    0.000    6.250    4.167    0.000    6.250    6.250    4.167    4.167    2.083    2.083    2.083    8.333    2.083    6.250    6.250    8.333    2.083    8.333    4.167    2.083   10.417    2.083    2.083    2.083    6.250    6.250    6.250    8.333    8.333    2.083    4.167    4.167    2.083    0.000    6.250    2.083    4.167    8.333    2.083   10.417 
   0.020   35.417   52.083   29.167   27.083   16.667   16.667    8.333   12.500   12.500    8.333    8.333   10.417    6.250   12.500   10.417    8.333    8.333   18.750   12.500    8.333    6.250    8.333    4.167    8.333   16.667    0.000   10.417    8.333   10.417   14.583    2.083   10.417   14.583    6.250   10.417   16.667   27.083   33.333   43.750   41.667   22.917   35.417   37.500   52.083   47.917   68.750   77.083   58.333   41.667   45.833   35.417   12.500   16.667    8.333   12.500   10.417 
   0.030   68.750   62.500   75.000   75.000   81.250   87.500   89.583   93.750   81.250   87.500   87.500   87.500   89.583   81.250   83.333   89.583   81.250   72.917   77.083   79.167   85.417   79.167   85.417   79.167   70.833  100.000   77.083   81.250   89.583   89.583   97.917   81.250   91.667   85.417   87.500   81.250   66.667   64.583   66.667   66.667   77.083   70.833   68.750   58.333   60.417   39.583   35.417   50.000   64.583   62.500   66.667   83.333   81.250   93.750   89.583   97.917 
   0.040   20.833   18.750    6.250   16.667   18.750   20.833   14.583   16.667   31.250   35.417   18.750   20.833   22.917   35.417   22.917   16.667   29.167   31.250   22.917   27.083   29.167   27.083   22.917   33.333   45.833    8.333   39.583   27.083   22.917   22.917   14.583   27.083   18.750   18.750   20.833   22.917   27.083   18.750   14.583    4.167   18.750   14.583   14.583   14.583    6.250   10.417   14.583   20.833   18.750   10.417   27.083   18.750   20.833   18.750   16.667    4.167 
   0.050   10.417    8.333   12.500   10.417   16.667   12.500   14.583   22.917   16.667   16.667   20.833   18.750   10.417   10.417   12.500   12.500   31.250   14.583   29.167   18.750   20.833   18.750   25.000    6.250   12.500   12.500    8.333   14.583   16.667    8.333    8.333    8.333   12.500   12.500   12.500   16.667   14.583   10.417   20.833   14.583   27.083   20.833   33.333   64.583   60.417   58.333   52.083   45.833   41.667   25.000   22.917   14.583   22.917   14.583   12.500    6.250 
   0.060   27.083   35.417   64.583   33.333   31.250   41.667   66.667   68.750   79.167   72.917   66.667   58.333   43.750   39.583   39.583   50.000   58.333   64.583   47.917   68.750   79.167   64.583   47.917   66.667   43.750   77.083   85.417   87.500   79.167   52.083   39.583   27.083   18.750   16.667   18.750   22.917   33.333   31.250   39.583   47.917   31.250   22.917   47.917   25.000   27.083   31.250   25.000   31.250   35.417   47.917   54.167   43.750   41.667   66.667   50.000   35.417 
   0.070   43.750   39.583   33.333   39.583   31.250   37.500   22.917   10.417   27.083   31.250   27.083   33.333   50.000   62.500   66.667   54.167   35.417   20.833   25.000   20.833    8.333   16.667   41.667   14.583   41.667   16.667   12.500   22.917   25.000   25.000   41.667   56.250   60.417   70.833   72.917   66.667   60.417   60.417   37.500   43.750   45.833   64.583   39.583   29.167   25.000   18.750   25.000   33.333   45.833   33.333   37.500   39.583   35.417   31.250   45.833   47.917 
   0.080   35.417   25.000   20.833   10.417   37.500   31.250   16.667    6.250   10.417    4.167   16.667    8.333    8.333   29.167   22.917   35.417   22.917   29.167   27.083   27.083   25.000   16.667   14.583   16.667   16.667   12.500   10.417   12.500   10.417   10.417   27.083   31.250   25.000   20.833   20.833   20.833   14.583   12.500   14.583   16.667   18.750   12.500   16.667   22.917   14.583    6.250   10.417   20.833   14.583   18.750   12.500   14.583    8.333   12.500   14.583   10.417 
   0.090   20.833   16.667   31.250   52.083   47.917   43.750   33.333   31.250   20.833   16.667    8.333   22.917   10.417   10.417   12.500   14.583   41.667   31.250   50.000   37.500   31.250   25.000   14.583    8.333   16.667   10.417   16.667   25.000   25.000   37.500   29.167   29.167   14.583   10.417   14.583   12.500   10.417    8.333   25.000   33.333   45.833   29.167   25.000   20.833   27.083   14.583   18.750   12.500   18.750    8.333   18.750   16.667   10.417   12.500    8.333   12.500 
   0.100   16.667   20.833   20.833   20.833    8.333   31.250   29.167   31.250   33.333   20.833   45.833   60.417   43.750   35.417   29.167   20.833   35.417   43.750   29.167   33.333   29.167   33.333   22.917    4.167   20.833   22.917   29.167   41.667   50.000   52.083   60.417   60.417   58.333   47.917   39.583   25.000   33.333   29.167   25.000   35.417   35.417   54.167   37.500   33.333   35.417   62.500   60.417   58.333   50.000   43.750   43.750   39.583   72.917   81.250   56.250   41.667 
   0.110   12.500    4.167    8.333   22.917   16.667   10.417   29.167   27.083   31.250   39.583   18.750   25.000   37.500   12.500   16.667   12.500   27.083   10.417   16.667    8.333   22.917   27.083   31.250   27.083   14.583   25.000   18.750   12.500   18.750   27.083   27.083   14.583   22.917   29.167   25.000   37.500   37.500   31.250   18.750   10.417   31.250   10.417   16.667   27.083   37.500   25.000   25.000   22.917   20.833   33.333   20.833   37.500   31.250    4.167   22.917   18.750 
   0.120    8.333   12.500   10.417    6.250    6.250    4.167   10.417   22.917   12.500   16.667   14.583   18.750   12.500   10.417   27.083   27.083   12.500   27.083   22.917   20.833   20.833   10.417   16.667   10.417   18.750   14.583    8.333   12.500   10.417    6.250   12.500   20.833    8.333   25.000   20.833   12.500   18.750   22.917   12.500    4.167   10.417    6.250    8.333   12.500   14.583   16.667   14.583   25.000   27.083   31.250   43.750   39.583   14.583    6.250   27.083   22.917 
   0.130   14.583    6.250   14.583   14.583   12.500   10.417    8.333    4.167    6.250    6.250   10.417    6.250    2.083    4.167   14.583   12.500    8.333   10.417   12.500    8.333    8.333    4.167   12.500   18.750    4.167    8.333   10.417    6.250   10.417   14.583   10.417   16.667   20.833   20.833   41.667   45.833   35.417   29.167   12.500   20.833   12.500    6.250   12.500   14.583    8.333    8.333    8.333   12.500   10.417   10.417   18.750   14.583   25.000   20.833   14.583   31.250 
   0.140   20.833   16.667   18.750    6.250   14.583    6.250   10.417    4.167    6.250    8.333    8.333    6.250   10.417   14.583    8.333   12.500   10.417   12.500   12.500   20.833   27.083   33.333   50.000   68.750  100.000   58.333   47.917   52.083   31.250   33.333   43.750   37.500   60.417   58.333   56.250   43.750   39.583   47.917   52.083   39.583   37.500   35.417   52.083   56.250   39.583   60.417   62.500   45.833   25.000   27.083   16.667   10.417    6.250   20.833    6.250   10.417 
   0.150   47.917   56.250   43.750   68.750   79.167   64.583   81.250   64.583   62.500   35.417   16.667    6.250   22.917   14.583   16.667   14.583   25.000   18.750   33.333   25.000   18.750    2.083   20.833   27.083   12.500    6.250   14.583   10.417   20.833   16.667   22.917   20.833   16.667   18.750   10.417   18.750   10.417   25.000   33.333   31.250   20.833   27.083   27.083   20.833   22.917   35.417   31.250   52.083   62.500   68.750   37.500   22.917   27.083   22.917   10.417   10.417 
   0.160   14.583   16.667   18.750   18.750   14.583   25.000   22.917   31.250   18.750   29.167   16.667   16.667   16.667   16.667   18.750   20.833   35.417   45.833   52.083   35.417   12.500   29.167   14.583    6.250    6.250   10.417    4.167    6.250    0.000    4.167   12.500    8.333    6.250   12.500    8.333   12.500   16.667   10.417   14.583   16.667   10.417   10.417   10.417    6.250   12.500   10.417   14.583   16.667   18.750   10.417   12.500   10.417    8.333    6.250    2.083   12.500 
   0.170   14.583    8.333   10.417   12.500    8.333   18.750   10.417   20.833   18.750   31.250   33.333   62.500   60.417   62.500   39.583   22.917   31.250   29.167   12.500   10.417   14.583   12.500    8.333   10.417    6.250   10.417    4.167   14.583    8.333   12.500   12.500   10.417   10.417   18.750   31.250   33.333   25.000   14.583   10.417   16.667    6.250   10.417   16.667   16.667   12.500    8.333    6.250    8.333    4.167    8.333    6.250    2.083    6.250   10.417   10.417    6.250 
   0.180    8.333   10.417   12.500   16.667    6.250   14.583   14.583   14.583   16.667   25.000   29.167   27.083   29.167   33.333   22.917   29.167    8.333   16.667   10.417   14.583   35.417   68.750   79.167   64.583   50.000   22.917   29.167   25.000   43.750   50.000   56.250   58.333   70.833   45.833   58.333   37.500   35.417   33.333   14.583   27.083   25.000   45.833   33.333   41.667   41.667   20.833   14.583   10.417    8.333    6.250    6.250   14.583    6.250    8.333   10.417    4.167 
   0.190   18.750   18.750   31.250   27.083   29.167   14.583   10.417    4.167   14.583   12.500   20.833    8.333    4.167    6.250   12.500   10.417   12.500   14.583   18.750    8.333   29.167   18.750   16.667   27.083   18.750   22.917   25.000   31.250   45.833   10.417   25.000   37.500   14.583   16.667    6.250   22.917   22.917   14.583   18.750   10.417   25.000   12.500   18.750   10.417   10.417   10.417   14.583    8.333   14.583    4.167   10.417   12.500    4.167   10.417   10.417   10.417 
   0.200   14.583   12.500   14.583   14.583   14.583   16.667    8.333    6.250   10.417   14.583   16.667    6.250   14.583    8.333   31.250   25.000   16.667   10.417   10.417   14.583   10.417   14.583    8.333    6.250   14.583    6.250   10.417    4.167   12.500   10.417   10.417   18.750    8.333    6.250   14.583   14.583    6.250    2.083   10.417   10.417    8.333   10.417   16.667   27.083    6.250   41.667   54.167   20.833   18.750    8.333   12.500    4.167    6.250    4.167   10.417    6.250 
   0.210   20.833   14.583   25.000   20.833   27.083   37.500   25.000   18.750   10.417   10.417   10.417    2.083   18.750   16.667   14.583   33.333   22.917   31.250   27.083   37.500   22.917    8.333   10.417   10.417   14.583   12.500   10.417   10.417   14.583   12.500    8.333   10.417    6.250    4.167    6.250    4.167    2.083    4.167   31.250   27.083   27.083   20.833   25.000   16.667   45.833   45.833   33.333   31.250   22.917   16.667   14.583   29.167   43.750   31.250   18.750   14.583 
   0.220   54.167   39.583   16.667   16.667   22.917   14.583   18.750   16.667   10.417    8.333    8.333    8.333   14.583   16.667   20.833   25.000   43.750   50.000   52.083   56.250   52.083   39.583   22.917   16.667   14.583   14.583    6.250    4.167    6.250    6.250   12.500   10.417    6.250    6.250    4.167   12.500   18.750   33.333   43.750   43.750   41.667   27.083   20.833   22.917    8.333   22.917   20.833   39.583   31.250   43.750   47.917   43.750   45.833   75.000   52.083   54.167 
   0.230   16.667   25.000   18.750   33.333   16.667   35.417   39.583   37.500   66.667   54.167   45.833   62.500   35.417   33.333   18.750   20.833   16.667   12.500    2.083   16.667   27.083   16.667   14.583   10.417   12.500    8.333   10.417    6.250    6.250    4.167    6.250   10.417    8.333   10.417    8.333   14.583    8.333   12.500   18.750   22.917   25.000   22.917   25.000   22.917   12.500    8.333   16.667   22.917   14.583   14.583   18.750   10.417   10.417   12.500    4.167    8.333 
   0.240   22.917   31.250   50.000   37.500   41.667   18.750   16.667   25.000   27.083   35.417   31.250   18.750   43.750   35.417   33.333   22.917   18.750   14.583   25.000    6.250   12.500   12.500   12.500    6.250   16.667   10.417    4.167    8.333   22.917   14.583   18.750   20.833   47.917   50.000   39.583   16.667   16.667   16.667   12.500   12.500   14.583    6.250   31.250    8.333   16.667    8.333   12.500    4.167    8.333    6.250    6.250    6.250    0.000   12.500   14.583   10.417 
   0.250    6.250   16.667   16.667   10.417   12.500   10.417    8.333    8.333    6.250   10.417   14.583    6.250   12.500   18.750   37.500   22.917   16.667   20.833   27.083   10.417   16.667   12.500   20.833   10.417   10.417   45.833   22.917   35.417   41.667   58.333   52.083   47.917   33.333   33.333   39.583   25.000   16.667   14.583    8.333    8.333   12.500   14.583    8.333   14.583    8.333    4.167   10.417    4.167   18.750   22.917   54.167   70.833   87.500   89.583   91.667   54.167 
   0.260    8.333   14.583    6.250   14.583    6.250   10.417   12.500    8.333    8.333   10.417   10.417   16.667   10.417   14.583   18.750   27.083   14.583   20.833   31.250   27.083   29.167   47.917   50.000   62.500  100.000   62.500   60.417   54.167   37.500   31.250   16.667   14.583   12.500   12.500   14.583   20.833   20.833   29.167   20.833   20.833   27.083   10.417   14.583   14.583   10.417   16.667   22.917   45.833   52.083   77.083   47.917   37.500   20.833   22.917   10.417   35.417 
   0.270    6.250    4.167   10.417   10.417   12.500    4.167    8.333   10.417   10.417   16.667   33.333   43.750   39.583   35.417   35.417   41.667   45.833   52.083   29.167   25.000   39.583   37.500   50.000   75.000   95.833   62.500   62.500   41.667   33.333   20.833   14.583    8.333   12.500   12.500    8.333    6.250    6.250    8.333    8.333   20.833   12.500    8.333   10.417   12.500    6.250   10.417   20.833   12.500   14.583   14.583    8.333    6.250   12.500    8.333   10.417    6.250 
   0.280    2.083    4.167    4.167   12.500    2.083   12.500   18.750   16.667    8.333    2.083   10.417    8.333    4.167    6.250   12.500    6.250   14.583   16.667   14.583   25.000   16.667   39.583   39.583   62.500   87.500   58.333   43.750   37.500   25.000   20.833   14.583    6.250   20.833   14.583   12.500   18.750   22.917   22.917   18.750   31.250   27.083   18.750   12.500   12.500   20.833   12.500   10.417   10.417    6.250    8.333   10.417    2.083    8.333    6.250    8.333   14.583 
   0.290   10.417    8.333    8.333   10.417   10.417    8.333    8.333    6.250    8.333    8.333    6.250   10.417    2.083    8.333    8.333   12.500    6.250   10.417    8.333   10.417   20.833   18.750   39.583   18.750   35.417   31.250   31.250   35.417   35.417   16.667   16.667   20.833   18.750   16.667   16.667   18.750   29.167   10.417   16.667   12.500   29.167   43.750   33.333   43.750   50.000   37.500   16.667   16.667   16.667    6.250   10.417   10.417   16.667   12.500   29.167   16.667 
   0.300   18.750   16.667   18.750   27.083   27.083   54.167   27.083   47.917   18.750   20.833   16.667   16.667    6.250   16.667    4.167   12.500    4.167   12.500   10.417   18.750   27.083   39.583   54.167   70.833   95.833   45.833   43.750   41.667   41.667   31.250   20.833   16.667   14.583    4.167   10.417   12.500   10.417   18.750   12.500   10.417   16.667   20.833   25.000   47.917   37.500   39.583   27.083   27.083   12.500   18.750   14.583    8.333   16.667   43.750   52.083   66.667 
   0.310   25.000   10.417    6.250   12.500   31.250   25.000   37.500   33.333   50.000   58.333   39.583   20.833   12.500   20.833   12.500   12.500    6.250    8.333   10.417   10.417   16.667   14.583   20.833   16.667   22.917   35.417   25.000   16.667   18.750   25.000   20.833   20.833   20.833   18.750   14.583   14.583   12.500    8.333    6.250   18.750    8.333   12.500   18.750   12.500   25.000   54.167   47.917   31.250   25.000   22.917   16.667   16.667   22.917   18.750   29.167   29.167 
   0.320   22.917   14.583    6.250    6.250   16.667   18.750   25.000   29.167   29.167   16.667   12.500   22.917   20.833   31.250   22.917   37.500   62.500   66.667   29.167   41.667   20.833   22.917   22.917   37.500   60.417   31.250   29.167   18.750    6.250    8.333   16.667    6.250   25.000    6.250    8.333   10.417    6.250    8.333    6.250   18.750    8.333   14.583   10.417   14.583   12.500    8.333   10.417   14.583   20.833   16.667   10.417    6.250   12.500   12.500    6.250   12.500 
   0.330   35.417   41.667   41.667   33.333   31.250   31.250   39.583   18.750   22.917   18.750   41.667   35.417   25.000   27.083   41.667   50.000   43.750   43.750   27.083   39.583   41.667   33.333   43.750   66.667   91.667   58.333   41.667   31.250   25.000   18.750   16.667   14.583   14.583   35.417   68.750   50.000   33.333   37.500   18.750   27.083   29.167   33.333   20.833   14.583   10.417   14.583    6.250    8.333    6.250   10.417   12.500    6.250    8.333    8.333   12.500   12.500 
   0.340   20.833   37.500   41.667   22.917   18.750   16.667   12.500   12.500   10.417   16.667   14.583   25.000   27.083   14.583   29.167   10.417   12.500   12.500   14.583   12.500    8.333   25.000   20.833   25.000   31.250   31.250   39.583   56.250   62.500   52.083   45.833   64.583   35.417   27.083   29.167   35.417   43.750   29.167   27.083   16.667    8.333   14.583   14.583   12.500    4.167    6.250    4.167   10.417   10.417    4.167    2.083   16.667    6.250   12.500    2.083    8.333 
   0.350   12.500    8.333   16.667   16.667    8.333   12.500   14.583   18.750   31.250   20.833   31.250   29.167   31.250   39.583   33.333   20.833   20.833   29.167   31.250   25.000   31.250   54.167   50.000   50.000   79.167   52.083   45.833   29.167   22.917   20.833   29.167   22.917   16.667    8.333   10.417   10.417   12.500    8.333    6.250   10.417   10.417    8.333    8.333   12.500    8.333    8.333   10.417   12.500    6.250   14.583    8.333   10.417   10.417    4.167    8.333   12.500 
   0.360   12.500    4.167    4.167    2.083   12.500    6.250    8.333   16.667   18.750    8.333   16.667   10.417   12.500   12.500   20.833   27.083   16.667   33.333   43.750   33.333   29.167   29.167   25.000   27.083   47.917   37.500   18.750   20.833   14.583   10.417   12.500   10.417    8.333   16.667   12.500    6.250    6.250    6.250    6.250    4.167   12.500    8.333    6.250    6.250    8.333    6.250   12.500    8.333   12.500   10.417    6.250   14.583   18.750   12.500   31.250   39.583 
   0.370   27.083   33.333   22.917   22.917   10.417   10.417    8.333    8.333   10.417   12.500   10.417   16.667    8.333   18.750   27.083   37.500   60.417   43.750   29.167   35.417   43.750   35.417   52.083   66.667  100.000   56.250   43.750   31.250   25.000   20.833   18.750   10.417    4.167   14.583    8.333    6.250   10.417   10.417    4.167   10.417   10.417    2.083   20.833    4.167    8.333    8.333   12.500   14.583   25.000   22.917   31.250   25.000   18.750   18.750   22.917   10.417 
   0.380   20.833   27.083   31.250   12.500   14.583   12.500    6.250   20.833   10.417   16.667   31.250   29.167   22.917   20.833   16.667   10.417   20.833   18.750   14.583   18.750   33.333   35.417   47.917   58.333   93.750   60.417   52.083   43.750   31.250   37.500   33.333   16.667   16.667   12.500    8.333    4.167   12.500    8.333   10.417   18.750   12.500   10.417    2.083    6.250   18.750   10.417   12.500   22.917   22.917   39.583   35.417   27.083   14.583   16.667   12.500   12.500 
   0.390   16.667   31.250   50.000   29.167   22.917   18.750   29.167   22.917   39.583   35.417   31.250   20.833   25.000    6.250   14.583    2.083   16.667    4.167   18.750   10.417   14.583   14.583   18.750   22.917   29.167   25.000   29.167   35.417   33.333   33.333   31.250   37.500   39.583   31.250   41.667   45.833   37.500   33.333   12.500   16.667   12.500   20.833   20.833   22.917   25.000   18.750   20.833   29.167   27.083   29.167   25.000   18.750    8.333   12.500    4.167    4.167 
   0.400   14.583   12.500   14.583   12.500   10.417   18.750   14.583   22.917   25.000   20.833   10.417   14.583   16.667   14.583    8.333   22.917   10.417   20.833   18.750   35.417   35.417   20.833   39.583   47.917   77.083   27.083   27.083   27.083   22.917   37.500   45.833   56.250   52.083   33.333   22.917   31.250   25.000   10.417   31.250   14.583    8.333   18.750   22.917   43.750   54.167   39.583   33.333   16.667   22.917   12.500   33.333   27.083   20.833   29.167   12.500    6.250 
   0.410   10.417   18.750   18.750   35.417   35.417   22.917   25.000   12.500   10.417   16.667    6.250   16.667    8.333   29.167   41.667   33.333   14.583   14.583   18.750   22.917   14.583   22.917   27.083   37.500   33.333   41.667   22.917   22.917   33.333   25.000   35.417   27.083   31.250   54.167   54.167   33.333   29.167   35.417   16.667   22.917   18.750   14.583   25.000   27.083   31.250   22.917    4.167   18.750    8.333   10.417   10.417   18.750    8.333   10.417   16.667   10.417 
   0.420   16.667   18.750   47.917   47.917   62.500   52.083   41.667   35.417   27.083   37.500   41.667   22.917   33.333   27.083   20.833   47.917   58.333   14.583   18.750   16.667    8.333   10.417    8.333   12.500    8.333    8.333   16.667   14.583   22.917   16.667   10.417   16.667   18.750    8.333   16.667   10.417    6.250   10.417   18.750   14.583   12.500   31.250   18.750   18.750   10.417   16.667   16.667    6.250   12.500   16.667   14.583   16.667   56.250   52.083   62.500   45.833 
   0.430   22.917   37.500   33.333    8.333   16.667   18.750   27.083   37.500   20.833   25.000   31.250   33.333   41.667   47.917   14.583   18.750   18.750   31.250   14.583   31.250   37.500   39.583   52.083   75.000  100.000   60.417   43.750   35.417   27.083   14.583   18.750   10.417    6.250   10.417   10.417    8.333   10.417   18.750   10.417   22.917   35.417   39.583   50.000   45.833   33.333   37.500   27.083   29.167   25.000   18.750   16.667   22.917   25.000   14.583   25.000   14.583 
   0.440   18.750   16.667   12.500   10.417    8.333   10.417   10.417    8.333   18.750   14.583   10.417   14.583   12.500    8.333   20.833   22.917    8.333   35.417   29.167   22.917   43.750   47.917   52.083   62.500  104.167   62.500   54.167   41.667   27.083   22.917    8.333   10.417    8.333    8.333   14.583   14.583    6.250    8.333   14.583   10.417   14.583   16.667   12.500   18.750   25.000   43.750   47.917   45.833   39.583   22.917   12.500   16.667   14.583   14.583    4.167   10.417 
   0.450   12.500    6.250    6.250   10.417    8.333   12.500   10.417    8.333   16.667    6.250    8.333    8.333    6.250    2.083    8.333   12.500    6.250   10.417   12.500   27.083   37.500   37.500   37.500   60.417   91.667   60.417   66.667   64.583   56.250   33.333   25.000   16.667   12.500    6.250   12.500    6.250    0.000   12.500    2.083   14.583   12.500   10.417   16.667    6.250    8.333    8.333   10.417   25.000   10.417   12.500    8.333    8.333    8.333   10.417    6.250   10.417 
   0.460   20.833   20.833   16.667   41.667   25.000   14.583   18.750    6.250   16.667    6.250    8.333    8.333    4.167    8.333   16.667    8.333   14.583   16.667   29.167   39.583   33.333   27.083   37.500   35.417   35.417   35.417   22.917   31.250   16.667   16.667   20.833   12.500   12.500    4.167   18.750    6.250   14.583   31.250   66.667   60.417   39.583   29.167   25.000   12.500    6.250   12.500    8.333   10.417   12.500   14.583    6.250    6.250    8.333    6.250   10.417   10.417 
   0.470   18.750   45.833   39.583   33.333   22.917   14.583    8.333   10.417    4.167   16.667   12.500   16.667   12.500   14.583   20.833   39.583   39.583   29.167   29.167   47.917   37.500   70.833   60.417   60.417   70.833   47.917   43.750   31.250   29.167   14.583   33.333   27.083   10.417   14.583   10.417   20.833   43.750   43.750   31.250   41.667   39.583   56.250   43.750   31.250   16.667   14.583    8.333   14.583   10.417   18.750   31.250   27.083   14.583   35.417   47.917   37.500 
   0.480   25.000   18.750   18.750    6.250   16.667   16.667    2.083    6.250    6.250   12.500    6.250   14.583   10.417   50.000   29.167   41.667   39.583   41.667   25.000   25.000   41.667   45.833   58.333   68.750   89.583   64.583   45.833   35.417   27.083   18.750   20.833   33.333   16.667    8.333   12.500   18.750    8.333   12.500    2.083   16.667    6.250   12.500   10.417   18.750   16.667   35.417   37.500   20.833   20.833   20.833   16.667    8.333   14.583   18.750   22.917   16.667 
   0.490   10.417   12.500   12.500    4.167   10.417    8.333   10.417   10.417   10.417    6.250    4.167   12.500    4.167    6.250   10.417   18.750   25.000   29.167   25.000   29.167   43.750   35.417   50.000   68.750   81.250   47.917   39.583   37.500   16.667   12.500   22.917   12.500   10.417    6.250   12.500   12.500    4.167   14.583   10.417   10.417    6.250   10.417   14.583   16.667   10.417   18.750    6.250    8.333    8.333   10.417   12.500    4.167    8.333   10.417   12.500   14.583 
   0.500   14.583   10.417   16.667   39.583   37.500   31.250   35.417   14.583   16.667   10.417    8.333    8.333   10.417   16.667    6.250    6.250   12.500   33.333   14.583   20.833   35.417   35.417   41.667   45.833   85.417   56.250   39.583   29.167   33.333   10.417   16.667   14.583   12.500   10.417   14.583    8.333   14.583   12.500   29.167   22.917   16.667   12.500   12.500   14.583    8.333   10.417   14.583   29.167   33.333   29.167   27.083   16.667   20.833   12.500    8.333   14.583 
   0.510   16.667   22.917   33.333   60.417   52.083   52.083   39.583   52.083   39.583   43.750   37.500   31.250   25.000   14.583   10.417   10.417   12.500   12.500   10.417   22.917   20.833   35.417   35.417   56.250   81.250   39.583   64.583   41.667   27.083   27.083   14.583    8.333   12.500   12.500   12.500   14.583   14.583   14.583   20.833   10.417    8.333    2.083   14.583    8.333   16.667    6.250    6.250   27.083   37.500   16.667   16.667   27.083   39.583   45.833   70.833   79.167 
   0.520   12.500    8.333   16.667    8.333   14.583   14.583   35.417   37.500   45.833   41.667   37.500   68.750   66.667   45.833   27.083   12.500    8.333    8.333   10.417   14.583   12.500   18.750   29.167   29.167   37.500   41.667   18.750   35.417   18.750   31.250   50.000   66.667   68.750   70.833   54.167   60.417   43.750   27.083   16.667   12.500   18.750   10.417   10.417   16.667   12.500   25.000   35.417   39.583   16.667   25.000   22.917   27.083   20.833   10.417   27.083   18.750 
   0.530   10.417    4.167    6.250    8.333    6.250    6.250   16.667   12.500   25.000   18.750   16.667   22.917   18.750   35.417   54.167   37.500   16.667   16.667    4.167   10.417   14.583   12.500   14.583   16.667   25.000   12.500   29.167   18.750    6.250   22.917   27.083   20.833   22.917   14.583   31.250   22.917   35.417   31.250   10.417    8.333   18.750   12.500   12.500   16.667   14.583   39.583   37.500   29.167   16.667   56.250   50.000   54.167   29.167   25.000    4.167   12.500 
   0.540    8.333   10.417   10.417   12.500   12.500   12.500   10.417    8.333    8.333    8.333    4.167   10.417   10.417    8.333   18.750   47.917   33.333   16.667   31.250   33.333   33.333   35.417   50.000   68.750   89.583   54.167   35.417   37.500   25.000   18.750   16.667   12.500   12.500    6.250   12.500   12.500   12.500   12.500   16.667    8.333   10.417   12.500   16.667   18.750    8.333    8.333   10.417   10.417   16.667   29.167   14.583   14.583    8.333   20.833    6.250    8.333 
   0.550   35.417   56.250   79.167   68.750   47.917   41.667   35.417   39.583   43.750   31.250   29.167   20.833   18.750   16.667   20.833   16.667   39.583   60.417   64.583   45.833   37.500   43.750   56.250   60.417   87.500   43.750   41.667   33.333   33.333   14.583   12.500   10.417    8.333    8.333   33.333   41.667   39.583   35.417   14.583   16.667   12.500   16.667    8.333   10.417   10.417    6.250    2.083   12.500   18.750   14.583   22.917   10.417   20.833   29.167   12.500   10.417 
   0.560   16.667   27.083   29.167   16.667   22.917   14.583   18.750   10.417   16.667   12.500   16.667   10.417   12.500   10.417   12.500   14.583   14.583   14.583   10.417   10.417   29.167   33.333   29.167   27.083   27.083   33.333   50.000   33.333   31.250   14.583    8.333   14.583   14.583   14.583   22.917   27.083   37.500   35.417   50.000   43.750   25.000   20.833   16.667   12.500    8.333    8.333   12.500    4.167   12.500    8.333   16.667    6.250   18.750   16.667   12.500   10.417 
   0.570    8.333   18.750    8.333   12.500   18.750   27.083   16.667   22.917   10.417   16.667   16.667   12.500   16.667   12.500   12.500   10.417   10.417   12.500    4.167   20.833   22.917   31.250   35.417   31.250   56.250   39.583   33.333   22.917   18.750    8.333   18.750   16.667   18.750   12.500   18.750   14.583   20.833   25.000   33.333   54.167   58.333   20.833   27.083   22.917   27.083   14.583   12.500    2.083    6.250   14.583   12.500   12.500   10.417   14.583   10.417   10.417 
   0.580   10.417    8.333    4.167    6.250   10.417   16.667   10.417    6.250   14.583   20.833   35.417   47.917   39.583   29.167   43.750   22.917   35.417   14.583   12.500   22.917   16.667   14.583   29.167   14.583    8.333   14.583   10.417   33.333   25.000   39.583   50.000   39.583   18.750   18.750   12.500   10.417   22.917   14.583   27.083   18.750   41.667   58.333   62.500   77.083   66.667   81.250   70.833   50.000   39.583   22.917   45.833   68.750   47.917   52.083   41.667   22.917 
   0.590   18.750   10.417    6.250    4.167   12.500    4.167   12.500    6.250   10.417   18.750   16.667   20.833   22.917   25.000   22.917   29.167   18.750   20.833   10.417   18.750   31.250   37.500   47.917   66.667  100.000   60.417   50.000   47.917   41.667   20.833   25.000   16.667   16.667   12.500   10.417   14.583    4.167   12.500   10.417    8.333   14.583   18.750   25.000    8.333   27.083   18.750   33.333   20.833   25.000   29.167   12.500   12.500   16.667   22.917   18.750   22.917 
   0.600   18.750   14.583    8.333    6.250   14.583   27.083   45.833   79.167   81.250   72.917   56.250   50.000   56.250   35.417   25.000   22.917   18.750   14.583   16.667   35.417   41.667   45.833   41.667   62.500  100.000   60.417   45.833   35.417   33.333   16.667   16.667   20.833   37.500   50.000   35.417   22.917   33.333   31.250   31.250   22.917   12.500   14.583   12.500    6.250   10.417   14.583    8.333   14.583   14.583   14.583    8.333   12.500   27.083   18.750   37.500   33.333 
   0.610   16.667   14.583   22.917   22.917   39.583   29.167   35.417   16.667   16.667    6.250   22.917   14.583   10.417   12.500   14.583    4.167   12.500    8.333   10.417   16.667   29.167   27.083   20.833   29.167   14.583   37.500   35.417   37.500   50.000   54.167   47.917   60.417   45.833   45.833   33.333   29.167   27.083   29.167    6.250   18.750    8.333    8.333    6.250   10.417    8.333   10.417   10.417   18.750   25.000   31.250   27.083   22.917   41.667   33.333   29.167   18.750 
   0.620   14.583   12.500   27.083   45.833   25.000   12.500   12.500   14.583   12.500   16.667   12.500   10.417   12.500    6.250    8.333    6.250    4.167   12.500   10.417    8.333   12.500   10.417    8.333   10.417    4.167   12.500   18.750   18.750   25.000   31.250   35.417   20.833   22.917   18.750   16.667   22.917   18.750   10.417    8.333    8.333   10.417    2.083    8.333   20.833   12.500   18.750   14.583   22.917   22.917   14.583   16.667   14.583   25.000   16.667   16.667    8.333 
   0.630   10.417   14.583   12.500   12.500   12.500    8.333    4.167    8.333    8.333    8.333   20.833   20.833   14.583   14.583   18.750    8.333    8.333   16.667   14.583    8.333   12.500   10.417   16.667    8.333   35.417   12.500   18.750   25.000   31.250   31.250   25.000   16.667   12.500    8.333   10.417   10.417   10.417    4.167    4.167    6.250   10.417   16.667   12.500   10.417   14.583   12.500   12.500   37.500   33.333   16.667   16.667   12.500   14.583    6.250    6.250   12.500 
   0.640   18.750   10.417    6.250   10.417   16.667    4.167   10.417   10.417    8.333    4.167    8.333   14.583   18.750   18.750   12.500   14.583    8.333   18.750    6.250   16.667   25.000   33.333   43.750   56.250   79.167   58.333   37.500   43.750   25.000   14.583   20.833   16.667    4.167    2.083   10.417    4.167    8.333    8.333   10.417   29.167   37.500   47.917   50.000   47.917   52.083   58.333   70.833   43.750   29.167   29.167   18.750   16.667   14.583   10.417    6.250    6.250 
   0.650   18.750   27.083   39.583   64.583   66.667   45.833   29.167   29.167   43.750   43.750   47.917   54.167   37.500   35.417   22.917   22.917   14.583   18.750   16.667   25.000   43.750   43.750   79.167   83.333  106.250   60.417   64.583   41.667   31.250   14.583   18.750   14.583    8.333   18.750   25.000   29.167   18.750   20.833   25.000   25.000   22.917   18.750   27.083   22.917   14.583   31.250   29.167   12.500   22.917   33.333   37.500   43.750   62.500   66.667   60.417   35.417 
   0.660   29.167   25.000   27.083   27.083   39.583   37.500   58.333   62.500   43.750   41.667   35.417   20.833   18.750   12.500   14.583    4.167   18.750   22.917   14.583   41.667   56.250   70.833   54.167   64.583  102.083   60.417   45.833   41.667   25.000   16.667   16.667   12.500   10.417   16.667   12.500   22.917   14.583   10.417   12.500    4.167    8.333    2.083   12.500    4.167   10.417   18.750   16.667    4.167   12.500    6.250   10.417   12.500   16.667   20.833   16.667   25.000 
   0.670   10.417   16.667    6.250   14.583   14.583   20.833   25.000   20.833   25.000   31.250    6.250   14.583   18.750   10.417   10.417   10.417   18.750   12.500   18.750   33.333   33.333   39.583   43.750   62.500   85.417   54.167   41.667   37.500   20.833   16.667   25.000   16.667   47.917   75.000   66.667   35.417   18.750   18.750   20.833   14.583   10.417    4.167   14.583   14.583    8.333   10.417   10.417    6.250    2.083   14.583    0.000    8.333   12.500    4.167   14.583   10.417 
   0.680   22.917   14.583   16.667   12.500   12.500   18.750    6.250   10.417    6.250    8.333   12.500   10.417   18.750   18.750   27.083   37.500   47.917   52.083   37.500   31.250   20.833   18.750   22.917   35.417   27.083   25.000   43.750   31.250   52.083   33.333   29.167   60.417   22.917   22.917   18.750   27.083   27.083   22.917   16.667   14.583   12.500   10.417    8.333    8.333    6.250    6.250    6.250    0.000    6.250   14.583   12.500    6.250   14.583    2.083   14.583    4.167 
   0.690   31.250   14.583   14.583   10.417   18.750   18.750   10.417    6.250   14.583   16.667   41.667   37.500   39.583   52.083   33.333   20.833   22.917   39.583   29.167   29.167   41.667   43.750   58.333   70.833  100.000   56.250   45.833   35.417   35.417   18.750   33.333   31.250   22.917   10.417   18.750   33.333   20.833   14.583   14.583   12.500    8.333    4.167    2.083   16.667    8.333    8.333   10.417   10.417   10.417   10.417    4.167   10.417    6.250   12.500   10.417    4.167 
   0.700   64.583   77.083   47.917   56.250   41.667   37.500   14.583   29.167   16.667   18.750   29.167   14.583   10.417   18.750    8.333   14.583   10.417   10.417   20.833   31.250   22.917    8.333   22.917   14.583    8.333   22.917   18.750    6.250   10.417   29.167   20.833   20.833   12.500   20.833   22.917   16.667   22.917   14.583    4.167   12.500   12.500   16.667   31.250   41.667   62.500   27.083   25.000   31.250   35.417   20.833   20.833   14.583   10.417    0.000   10.417   16.667 
   0.710   18.750   16.667   20.833   18.750   18.750   12.500   14.583   14.583    4.167   10.417   10.417    8.333    6.250    4.167   10.417    6.250   10.417   25.000   20.833   29.167   33.333   35.417   45.833   52.083   89.583   41.667   31.250   27.083   22.917   25.000   29.167    6.250    8.333    6.250    6.250    8.333   10.417    6.250    8.333   12.500   14.583   12.500   16.667   25.000   22.917   22.917   12.500   39.583   45.833   31.250   27.083   18.750    6.250   12.500   12.500   14.583 
   0.720    6.250   10.417   25.000   27.083   31.250   31.250   27.083   14.583   10.417    4.167    6.250   18.750    4.167   10.417   10.417   29.167   20.833   39.583   14.583   20.833   22.917   18.750   31.250   29.167   56.250   31.250   37.500   22.917   25.000   20.833   18.750   12.500    4.167    8.333    8.333    8.333   14.583   20.833   33.333   29.167   45.833   62.500   66.667   41.667   14.583   14.583   27.083   22.917   25.000   31.250   58.333   41.667   27.083   31.250   14.583   22.917 
   0.730   14.583    8.333   25.000   37.500   20.833   35.417   33.333   25.000   14.583   12.500   16.667   14.583   39.583   43.750   29.167   22.917   22.917   29.167   12.500   29.167   22.917   29.167   31.250   60.417   77.083   56.250   39.583   52.083   60.417   41.667   35.417   33.333   29.167   16.667   20.833    2.083   12.500   16.667   20.833   22.917   22.917   29.167   10.417   16.667   18.750   25.000   14.583   12.500   18.750   22.917   29.167   45.833   35.417   31.250   29.167   22.917 
   0.740   14.583    6.250   14.583   12.500   14.583    8.333    6.250   12.500   14.583   14.583   29.167   56.250   56.250   31.250   43.750   27.083   14.583   12.500   14.583   25.000   35.417   39.583   43.750   62.500  102.083   52.083   52.083   33.333   25.000   14.583   16.667   10.417   10.417   10.417   10.417   10.417   20.833   12.500   29.167   29.167   35.417   10.417   12.500    8.333   12.500   16.667   20.833   10.417    4.167   14.583    4.167   10.417   35.417   27.083   39.583   43.750 
   0.750   62.500   79.167   43.750   14.583   16.667   12.500   18.750   16.667   18.750   37.500   47.917   29.167   14.583   18.750   27.083   33.333   29.167   14.583   18.750   14.583   12.500    6.250    8.333   18.750   10.417    6.250    4.167   12.500   12.500    6.250    6.250    8.333   12.500   10.417    4.167    8.333    6.250   14.583   10.417   14.583    6.250   12.500   12.500   12.500    8.333    4.167    6.250   10.417   20.833   12.500   16.667   10.417    8.333   12.500    6.250   18.750 
   0.760   12.500   18.750   25.000   18.750   20.833   18.750    8.333   12.500   18.750   16.667   25.000   10.417   12.500   10.417   16.667   27.083   22.917   20.833   18.750   18.750   18.750    8.333   16.667    8.333    4.167    6.250    4.167   10.417   10.417   10.417    8.333   12.500   16.667    6.250   20.833   22.917   27.083   16.667   10.417   12.500   22.917    8.333    8.333   12.500   25.000   29.167   37.500   41.667   31.250   39.583   43.750   20.833   12.500   25.000   20.833   14.583 
   0.770    6.250   16.667   14.583    8.333   16.667   25.000   22.917   22.917   14.583    8.333    8.333   10.417   12.500   20.833   14.583    4.167   27.083   39.583   62.500   35.417   56.250   79.167   77.083   54.167   31.250   27.083   22.917   16.667   10.417    8.333    8.333    8.333    6.250   14.583   27.083   35.417   50.000   33.333   22.917   35.417   20.833   20.833   35.417   27.083   58.333   39.583   41.667   52.083   29.167   12.500   16.667   18.750   16.667   12.500   10.417    6.250 
   0.780   16.667    4.167   12.500    6.250    8.333   10.417   25.000    6.250   14.583   12.500    6.250    8.333   12.500    8.333   10.417    6.250   20.833    8.333    8.333   14.583   29.167   22.917   20.833   12.500   16.667    8.333   16.667    8.333   16.667   12.500   10.417    8.333    8.333   16.667   14.583    8.333   29.167   18.750   29.167   43.750   33.333   27.083   25.000   20.833   18.750   10.417   16.667   16.667   37.500   16.667   14.583   16.667    6.250   18.750   10.417    4.167 
   0.790    6.250    6.250    8.333    4.167    8.333   16.667   14.583    8.333   12.500    8.333   10.417    4.167    6.250    4.167    6.250   12.500   14.583   16.667   10.417   33.333    8.333   12.500    8.333    8.333   12.500   10.417   12.500   10.417   10.417    8.333    8.333   12.500   10.417   12.500   14.583    6.250    8.333   12.500   12.500   16.667   10.417   22.917   22.917   20.833   10.417   14.583   12.500    4.167   14.583   12.500   10.417   14.583    6.250   10.417   10.417    8.333 
   0.800   10.417   12.500   14.583    4.167    4.167   16.667   10.417    2.083    4.167   10.417    6.250    6.250    8.333    8.333   12.500   10.417   10.417    6.250   12.500    8.333   16.667    4.167    6.250    6.250    8.333    8.333   12.500   20.833   14.583   14.583   10.417   22.917   25.000   25.000   22.917   45.833   22.917   29.167   35.417   22.917   47.917   58.333   58.333   64.583   25.000   27.083   14.583   12.500   12.500    8.333   14.583    6.250    4.167   14.583   12.500    6.250 
   0.810    8.333   12.500    4.167    6.250    6.250    6.250    4.167    6.250   16.667    6.250   12.500    8.333   10.417    6.250   10.417    8.333   12.500   18.750    2.083   22.917   29.167   45.833   47.917   72.917  100.000   62.500   68.750   58.333   41.667   33.333   27.083   22.917   16.667   20.833   31.250   33.333   25.000   20.833   12.500   14.583   12.500   25.000   31.250   31.250   29.167   39.583   35.417   25.000    6.250   18.750   10.417   10.417    8.333   16.667   14.583    4.167 
   0.820    2.083   14.583    8.333   29.167   27.083   35.417   25.000   18.750   20.833   18.750   16.667   25.000   43.750   56.250   37.500   47.917   50.000   60.417   37.500   16.667   25.000   16.667   16.667   20.833    8.333   35.417   22.917   29.167   27.083   14.583   14.583   18.750   33.333   43.750   41.667   16.667   20.833   14.583    8.333    8.333   10.417   10.417    6.250   14.583   14.583   18.750   29.167   29.167   22.917   12.500    8.333    4.167   10.417   10.417   10.417   10.417 
   0.830   12.500   20.833   33.333   37.500   50.000   33.333   56.250   58.333   31.250   20.833   16.667   18.750   25.000   25.000   25.000   18.750   10.417   18.750   14.583   14.583   12.500   18.750   18.750    6.250   12.500   16.667    2.083    8.333   16.667   29.167   31.250   45.833   27.083   16.667   29.167   22.917   33.333   25.000   16.667   14.583   10.417   16.667    4.167   14.583   16.667   16.667   33.333   45.833   33.333   37.500   31.250   18.750   16.667    4.167   18.750   10.417 
   0.840    6.250   16.667   18.750   18.750   16.667   20.833   22.917   31.250   33.333   27.083   35.417   52.083   29.167   25.000   14.583   18.750   10.417   22.917    6.250   10.417   10.417    2.083    2.083    4.167   10.417   14.583    8.333    8.333   14.583   10.417   12.500   22.917    6.250   18.750    8.333   18.750   25.000   39.583   29.167   35.417   45.833   31.250   56.250   66.667   56.250   70.833   43.750   43.750   60.417   60.417   62.500   41.667   39.583   47.917   66.667   85.417 
   0.850   47.917   31.250   20.833   20.833   14.583   12.500   14.583   14.583   33.333   56.250   56.250   50.000   45.833   25.000   25.000   12.500   16.667    6.250    6.250    6.250    4.167   12.500   12.500    6.250   12.500   12.500    4.167   12.500    6.250   12.500    8.333    8.333   10.417    8.333   12.500   14.583   18.750   20.833   33.333   22.917   20.833   22.917   18.750   31.250   39.583   29.167   33.333   27.083   22.917   18.750   16.667   27.083   33.333   31.250   27.083   18.750 
   0.860   52.083   50.000   41.667   22.917    8.333   16.667   14.583   18.750   20.833    4.167   22.917    6.250   16.667   16.667   12.500    4.167    6.250   10.417   10.417   16.667    6.250   14.583   10.417   14.583    4.167   10.417   10.417    6.250    4.167   10.417    6.250   10.417   14.583   12.500    8.333    4.167   14.583   14.583    8.333    6.250   12.500    4.167   10.417   12.500   10.417   14.583    8.333   10.417    8.333   10.417   12.500   16.667   10.417    8.333   12.500   10.417 
   0.870    8.333    6.250   10.417   16.667   10.417    6.250    2.083   10.417    8.333   10.417    8.333   12.500    6.250   12.500    8.333   12.500   12.500    8.333    4.167    4.167   10.417   20.833    6.250    4.167    6.250   10.417   12.500   27.083   20.833   18.750   18.750   22.917   29.167   16.667   43.750   52.083   47.917   37.500   16.667   25.000   14.583   10.417   16.667    6.250    8.333    6.250   12.500    8.333   20.833   27.083   33.333   29.167   22.917   39.583   29.167   20.833 
   0.880    8.333   10.417   10.417   16.667    4.167    6.250    8.333    4.167    6.250    6.250   10.417    8.333   12.500    6.250   22.917   18.750   22.917   10.417   33.333   29.167   31.250   35.417   45.833   12.500   10.417   25.000   31.250   22.917   54.167   37.500   18.750   14.583   20.833   22.917   16.667   14.583   20.833   20.833   27.083   20.833   25.000    6.250   14.583   16.667   20.833   25.000   29.167   50.000   58.333   43.750   41.667   31.250   18.750   10.417   12.500   18.750 
   0.890    6.250    6.250   10.417   12.500    8.333   14.583   25.000   20.833   39.583   50.000   33.333   31.250   22.917   29.167   52.083   50.000   33.333   35.417   43.750   50.000   37.500   33.333   33.333   37.500   27.083   20.833   27.083   22.917   16.667   10.417    4.167    4.167   14.583   12.500   12.500   10.417   12.500   12.500   25.000   27.083   39.583   43.750   52.083   41.667   27.083   25.000   33.333   27.083   25.000   16.667   10.417   22.917   33.333   20.833   12.500   18.750 
   0.900    4.167    6.250   12.500   14.583   10.417   10.417   25.000   27.083   20.833   27.083   20.833   27.083   10.417   27.083   33.333   35.417   22.917   25.000   14.583   20.833    8.333   10.417    8.333   18.750   10.417   31.250   18.750   14.583   18.750   14.583   12.500   22.917   37.500   31.250   27.083   14.583   12.500   14.583   18.750   31.250   37.500   47.917   29.167   27.083   33.333   31.250    8.333   10.417   10.417    8.333   14.583   20.833   37.500   20.833   16.667   20.833 
   0.910   31.250   62.500   64.583   64.583   58.333   47.917   54.167   58.333   43.750   29.167   20.833   18.750   12.500   27.083   14.583   22.917   20.833    8.333   12.500   14.583    8.333    8.333   10.417    4.167    8.333   16.667   10.417   12.500    8.333   10.417   14.583   41.667   25.000   37.500   33.333   41.667   31.250   31.250   45.833   37.500   29.167   35.417   29.167   20.833   33.333   27.083   16.667   22.917   12.500   10.417    4.167   10.417    8.333   12.500    8.333    6.250 
   0.920   29.167   27.083   29.167   25.000   25.000   22.917   18.750   29.167   18.750   25.000   12.500   18.750   16.667    8.333    6.250   12.500   10.417    6.250    6.250    8.333    8.333   12.500    6.250    2.083   12.500   12.500   10.417   16.667   12.500   29.167   45.833   20.833   18.750   20.833   20.833   22.917   33.333   14.583   29.167   25.000    8.333    8.333   12.500    6.250   16.667    6.250   10.417   18.750   25.000   14.583   16.667   10.417    8.333   18.750   12.500   10.417 
   0.930    4.167    8.333   10.417    6.250   14.583   10.417   10.417   12.500   10.417    4.167   14.583    8.333    8.333   12.500   12.500    6.250   10.417   18.750   10.417    8.333   18.750   18.750   31.250   37.500   18.750   20.833   12.500   12.500   39.583   37.500   20.833   14.583   18.750   12.500   12.500   12.500    8.333   10.417    8.333   10.417    4.167    4.167    6.250   14.583   14.583   10.417   16.667   10.417    6.250    6.250   12.500   12.500    4.167    8.333    8.333   10.417 
   0.940    2.083   10.417    6.250   10.417   12.500    6.250    6.250   14.583    8.333    6.250   10.417    4.167    6.250   18.750   10.417   22.917   12.500   35.417   58.333   41.667   20.833   29.167   25.000   29.167   18.750   16.667   18.750    8.333   14.583   25.000   12.500   16.667   16.667   18.750   10.417   10.417   27.083   22.917   12.500   27.083   22.917   20.833   20.833   41.667   37.500   41.667   31.250   20.833   12.500   10.417   12.500   12.500   18.750   29.167   39.583   43.750 
   0.950   14.583    6.250   10.417    4.167    8.333   16.667    8.333    4.167    8.333   10.417    2.083   10.417   14.583    8.333   10.417    8.333   27.083   20.833   29.167   14.583   33.333   37.500   27.083   27.083   39.583   45.833   45.833   35.417   22.917   25.000   39.583   25.000   22.917   10.417   16.667   10.417   20.833   27.083   16.667   12.500   20.833   18.750   18.750   25.000   35.417   60.417   60.417   45.833   18.750   25.000   25.000   18.750   37.500   37.500   39.583   22.917 
   0.960    8.333    4.167   10.417    6.250   14.583   16.667   31.250   41.667   75.000   75.000   54.167   27.083   18.750   12.500    6.250   12.500   12.500   14.583    6.250   16.667   27.083   31.250   20.833   14.583   14.583   20.833   18.750    8.333   20.833   12.500   22.917   25.000   27.083   27.083   43.750   54.167   45.833   29.167   31.250   33.333   27.083   18.750   20.833    8.333   10.417    6.250   12.500   29.167   29.167   37.500   35.417   43.750   25.000   16.667   12.500   12.500 
   0.970   18.750    2.083   14.583   18.750    8.333   18.750   16.667   16.667   29.167   22.917   27.083   41.667   12.500   16.667    8.333   12.500   14.583    8.333    8.333   10.417   18.750   10.417   16.667    4.167    8.333   12.500    8.333   14.583   18.750   33.333   29.167   60.417   56.250   56.250   50.000   50.000   22.917   31.250   27.083   27.083   18.750   27.083   22.917   18.750   14.583   12.500   12.500   14.583   50.000   43.750   41.667   41.667   22.917   14.583    6.250   18.750 
   0.980    4.167    8.333    8.333   14.583   12.500   33.333   37.500   37.500   12.500   16.667   14.583   10.417   10.417   14.583   16.667    8.333    4.167    6.250    8.333   10.417    8.333   16.667    2.083   10.417   10.417    6.250    6.250    8.333   14.583   14.583   22.917   14.583   20.833   18.750    6.250   16.667    6.250   12.500   25.000   14.583   31.250   47.917   29.167   20.833   10.417    8.333   14.583   14.583   16.667   18.750   25.000   16.667   14.583   25.000    8.333   16.667 
   0.990   12.500    8.333    8.333   10.417   10.417   10.417   25.000   16.667    4.167   10.417    8.333   18.750   39.583   37.500   43.750   56.250   56.250   41.667   22.917    8.333   14.583   10.417   10.417   12.500    6.250   12.500    8.333   12.500    8.333   14.583   14.583   10.417   10.417   12.500    6.250   12.500   14.583   12.500   14.583   20.833   43.750   25.000   35.417   33.333   18.750    6.250   10.417   10.417   10.417   10.417    8.333   12.500   10.417   12.500    8.333    4.167 
   1.000    6.250   14.583    4.167   12.500    8.333   16.667   14.583   12.500    8.333   12.500   22.917   29.167   39.583   58.333   54.167   33.333   33.333   33.333   25.000    6.250   14.583   10.417   14.583    6.250    4.167   16.667    6.250   14.583    6.250   12.500    2.083   12.500    4.167   12.500   10.417   12.500   14.583   35.417   58.333   64.583   41.667   22.917   18.750   29.167   10.417   14.583   10.417    4.167   12.500   10.417    4.167    6.250   18.750    0.000   12.500   10.417 
