1974609207
1242005296
566994231
1472072161
1908091761
495722626
1991943381
164982065
2025471139
1515109875
1425320979
592308482
859748427
567169497
186266488
1612102117
774752904
974464178
50294704
1591602406
1634420413
353541495
698258809
481255869
136708263
1567401109
2020505365
1395089033
1381386373
332117459
504097154
1380107858
1250678436
20538143
480274147
1626672047
1029803019
434037382
1292152384
474501713
913885879
1874510191
1873102157
2057720020
883361886
1257014048
1377811516
1227351205
575039804
1865053904
2029142071
2081870640
1183635265
682638956
1839316374
1892287065
424941439
1600951801
1884044755
499699256
1153521950
405181972
873136130
146830234
2010092191
130266476
897663895
1186644539
1551670810
841489741
1115679204
1238313484
1629704234
1624771722
1072176621
161045648
1892073431
649978872
1533723689
1568635129
1990033878
809960838
858960624
462060543
1679138680
616750969
1581652534
1996451906
318723665
105982292
1439296755
1584716475
1282249571
102025390
1375310197
1037991222
2007521160
188842293
1290718901
795842648
1774455327
1104277298
1969198625
30749400
558386114
167967477
1520051239
547177706
1825738115
234697578
2111774382
2038734679
164912801
819341675
1622891122
1029065898
226759264
1288614871
1304075953
671632069
1833965521
1739793409
1355684119
1439579595
1445183551
1066335405
1602215092
577500781
1006413270
2107803281
1082147286
841362501
11457265
763850134
1470402555
2132778137
1563117913
161280186
1461992021
1347600886
361491156
1612077158
1681475114
1925756748
1854263899
1725191918
552364976
1649054511
1176547425
1501087492
578432267
2087393280
224352851
1847592905
697146001
975943176
1687348004
161035443
1553748169
89281513
129691185
573189286
422184742
286539489
866488600
126919742
1381210285
677918625
1727667422
1525519999
459132108
945787897
956037705
1478801026
2012238257
875752216
842158789
1500733400
1580349182
57716235
1817365281
1781214091
634835490
1180328621
1498631097
1147895890
750093609
1917666645
1605573109
1882289832
1457167517
1729335677
1840252802
1139708732
796311417
790871915
669257623
1470704764
2031475044
588377780
1223260585
1854153756
1017805325
741073099
1215912159
1548365036
1662479732
1022913350
614616100
1161968842
447384106
2062128213
1373676399
2089271024
2076527874
749513805
681064474
157761392
1651726560
1337110674
530936868
609461959
2012263959
764190516
1752770572
991730137
664005465
1557282427
1359420315
858007495
2080707922
963600094
120868217
504010738
1078543455
1548961368
1589217783
1571223750
9356936
1308547092
1042173859
455187781
685780466
661169861
1841247238
503823922
1044860281
468529092
1248929183
218240398
1364008612
508815736
837174714
1997147513
1266595716
297470818
517837598
1669001454
432449105
298552140
527547958
58628280
944150779
1480672935
1987594051
281575966
223694421
1340302380
404883248
1894376793
1693551008
355239786
627160033
764705808
623917543
1969476434
715840927
58035777
1797971689
10727959
234677506
1570933529
1510438511
1693092457
275771214
2000791909
1519874132
960226326
1291262837
2002584825
1060818478
1422967765
1766432613
1736040021
594277156
1688619693
2025862787
411122364
37914023
1798698899
537042467
160564801
366431281
1212744597
1138507966
1277694199
1294718535
1832811116
1705117700
1007418918
1478531418
929121356
1066554049
862510326
831015500
1783551324
2054247081
1923028711
917563860
837237693
2141045895
1159940840
1077873110
1476789162
277367475
1495056849
1277172838
899071777
1930095653
713792534
1562931715
1307424607
735705145
1864856790
2125941190
1152354692
741923187
1634566974
307671662
179577733
1714105572
1973319864
1332418668
1301405395
415038161
1554184103
1398194943
38983523
817035214
265356269
1556935055
261854959
908625470
91350536
111812682
1500286026
1171717440
12995825
828542822
1543675562
679903292
1214011578
1808201097
1108680823
1996325404
1046336030
1742401613
864010952
1882224849
493231474
1565550107
269408862
97236735
1684109677
648193241
965618970
1289185404
2012552299
1288374814
1982928711
1493902145
1782894462
560421405
913077356
644029520
1004876917
221320716
1624792704
1072274402
310337349
763233993
1440434844
1632335648
1643189472
1044452680
140099210
1559301946
70264175
1733197903
412642195
1367807603
693817260
650089683
566725942
453642172
645329650
1058544964
243656288
504843898
556153934
2044536912
1179823373
234361219
2132190450
1104781178
503844591
691221568
1568263018
811006451
500389807
1783208664
1247118262
834728300
795028709
1275156837
2122615908
1800475480
195365945
1573109213
2072797642
47489775
1749395454
1817099808
1552029954
1238198206
180540256
157475564
1935888194
1906883471
484904044
1775869208
131322532
1056278903
2049166982
1023002719
1136152686
1615545080
116320683
618287300
1463990864
455395781
1945680683
140523097
868325722
1807439499
2061094600
1748028701
1954169337
411220486
1854155386
1234775447
1041321520
1434065199
1816242496
1291258004
553459946
505009344
1692116132
2026154002
1962596981
1861682326
285796424
971909484
1464603910
1302650501
1313198202
1653265649
992823584
1357248023
119906440
1520170849
759201090
763896085
1827663281
1173968567
1096079620
1767240281
60375054
2100344828
183292341
1362349479
1070063414
1562287986
423577784
2032130523
540623250
58793373
1758856351
1735731151
828287184
0.247057
0.018307
0.498233
0.972517
0.858668
0.999879
0.663896
0.403129
0.710727
0.857622
0.073898
0.277315
0.162192
0.740301
0.136532
0.713719
0.697138
0.800848
0.304391
0.086958
0.235101
0.640715
0.717296
0.324757
0.757059
0.742398
0.350716
0.952364
0.579566
0.467854
0.782143
0.787680
0.960400
0.904122
0.955256
0.742240
0.615787
0.999762
0.874952
0.771569
0.689214
0.232023
0.833603
0.150649
0.449064
0.221140
0.475664
0.871833
0.656191
0.055788
0.903021
0.092664
0.003054
0.082430
0.284273
0.826755
0.932949
0.154818
0.837788
0.029836
0.691672
0.500363
0.115717
0.632184
0.160246
0.061067
0.389381
0.916665
0.077801
0.302678
0.762863
0.675704
0.304163
0.992210
0.063482
0.273537
0.844670
0.848134
0.685739
0.835676
0.640974
0.689540
0.234453
0.529846
0.671619
0.006199
0.940601
0.049744
0.877068
0.391439
0.173482
0.854214
0.490466
0.719387
0.935798
0.184239
0.001251
0.829907
0.913926
0.932728
0.077407
0.629011
0.323848
0.517883
0.691111
0.043796
0.078352
0.063564
0.346171
0.538922
0.705753
0.760216
0.578628
0.317694
0.297093
0.398703
0.205307
0.961721
0.675451
0.297625
0.131478
0.661979
0.301336
0.881712
0.899583
0.068511
0.688454
0.892980
0.190433
0.488078
0.529948
0.017429
0.341264
0.203750
0.082357
0.628639
0.348524
0.663361
0.749665
0.098836
0.466126
0.503611
0.375305
0.840549
0.922808
0.555014
0.304540
0.489866
0.750017
0.109801
0.766102
0.258449
0.654382
0.462248
0.986608
0.688979
0.644954
0.991815
0.370084
0.417971
0.398016
0.283444
0.243549
0.982445
0.820314
0.850454
0.400544
0.445466
0.722167
0.112248
0.552068
0.634980
0.028444
0.494298
0.276737
0.306673
0.592642
0.004556
0.347712
0.278108
0.759396
0.543471
0.541992
0.697693
0.273393
0.048358
0.273191
0.850998
0.183553
0.565525
0.445793
0.795518
0.031870
0.067684
0.217471
0.220870
0.374171
0.048353
0.961043
0.290689
0.244896
0.066929
0.812302
0.690185
0.258120
0.180064
0.933783
0.275825
0.491279
0.541648
0.987186
0.964095
0.969638
0.782994
0.706953
0.012686
0.228162
0.447185
0.793480
0.271880
0.257462
0.328555
0.524303
0.947173
0.847395
0.641974
0.466103
0.693620
0.735548
0.713523
0.340037
0.027537
0.872531
0.787938
0.057647
0.547051
0.832264
0.108595
0.007559
0.919365
0.595731
0.915142
0.273977
0.357601
0.806812
0.830949
0.472441
0.206713
0.521807
0.167668
0.466898
0.787680
0.545658
0.077951
0.016413
0.413074
0.640916
0.633388
0.600942
0.014587
0.442876
0.138184
0.655223
0.689496
0.643480
0.604721
0.330574
0.873477
0.388656
0.261686
0.900128
0.451724
0.575805
0.513430
0.399887
0.149274
0.999558
0.939527
0.518731
0.304703
0.306340
0.489629
0.183948
0.572427
0.801728
0.171490
0.235315
0.102205
0.422926
0.200718
0.004282
0.535947
0.608318
0.117114
0.620330
0.043974
0.894994
0.662574
0.238032
0.080166
0.315760
0.945501
0.573077
0.713137
0.657951
0.799750
0.683104
0.238546
0.801760
0.653342
0.565652
0.428420
0.173982
0.413623
0.405964
0.780875
0.003585
0.471833
0.695598
0.286157
0.043122
0.731455
0.050240
0.920806
0.506883
0.599884
0.656349
0.551862
0.953877
0.170986
0.310800
0.557547
0.144754
0.708831
0.456311
0.235164
0.169430
0.645714
0.379027
0.607331
0.922508
0.532624
0.927988
0.592020
0.829893
0.996999
0.420596
0.245925
0.503831
0.032884
0.134738
0.940966
0.378253
0.545126
0.982053
0.254661
0.140950
0.018630
0.291239
0.510400
0.509658
0.897779
0.412929
0.955141
0.720482
0.572207
0.163662
0.841078
0.630967
0.370136
0.767399
0.823472
0.807895
0.937331
0.613346
0.657235
0.555305
0.207155
0.081095
0.697862
0.170724
0.200505
0.985253
0.674600
0.766149
0.017812
0.814446
0.000759
0.936521
0.126089
0.793189
0.523061
0.868272
0.410577
0.995210
0.560158
0.810948
0.431029
0.307731
0.789807
0.009172
0.330737
0.223829
0.156638
0.744374
0.342854
0.396413
0.272418
0.293351
0.079644
0.769861
0.415786
0.458235
0.849554
0.246462
0.572940
0.201970
0.119795
0.522929
0.429892
0.992643
0.843987
0.063183
0.656319
0.944469
0.222913
0.215560
0.772033
0.715148
0.837082
0.804665
0.300784
0.878367
0.927780
0.741739
0.996964
0.001698
0.218960
0.647037
0.540967
0.372265
0.776045
0.384837
0.866531
0.645895
0.014674
0.374474
0.041487
0.528789
0.823540
0.789092
0.478253
0.001385
0.676197
0.429445
0.422199
0.455473
0.448708
0.968491
0.805350
0.519901
0.372467
0.440899
0.890588
0.345827
0.208109
0.669074
0.646962
0.003006
0.722380
0.031166
0.285727
0.380881
0.494290
0.937284
0.771897
0.942126
0.453352
0.862470
0.514153
0.654789
0.438583
0.559590
0.941038
0.592804
0.888803
0.206437
0.859837
0.021773
0.994627
0.876224
0.061988
0.715886
0.774920
0.369019
0.845217
0.451514
0.741281
0.726380
0.092395
0.47090881796755
0.09282688770642
0.07264316188795
0.17140993545517
0.76405888012589
0.12229899370464
0.01716069780233
0.95124002002110
0.58448325153694
0.33893042731620
0.32644657734266
0.33722293508732
0.36677801330591
0.14666158771974
0.66885364322661
0.68214018091438
0.34642845401755
0.26761723054289
0.83979631628746
0.06880021417211
0.28376163299982
0.01449298498288
0.34196877834960
0.19130789907933
0.05825480388039
0.72316492877125
0.04105303008174
0.54152814932642
0.42910904078775
0.87803929391250
0.19554998156498
0.21753237835081
0.20234426197030
0.57968869563482
0.49357754316979
0.06960851161419
0.10520497858029
0.49781077134288
0.86918023332433
0.20346635074772
0.15433893387972
0.22736594774100
0.23938507586075
0.33960870761082
0.67687502177330
0.09114024985560
0.56566157802708
0.28726927479576
0.38824278463593
0.34379272020963
0.21380506648891
0.59966745404319
0.50273256335170
0.90872769264507
0.05099084848937
0.84076610947521
0.74990005393185
0.90422234138546
0.65850620301368
0.97550107038937
0.79537070946331
0.00255035191472
0.55883103095834
0.52554738165680
0.10395016565392
0.96670573151333
0.68020989853349
0.32044922702150
0.05220115342800
0.03190274317800
0.65289023684356
0.17955494562988
0.85552344722161
0.26119880276131
0.23529369046953
0.71789159205192
0.18429324309892
0.47973457325044
0.01048837349339
0.30542438341422
0.97154229638406
0.48387199047450
0.78893426230014
0.60044855418358
0.51586634947545
0.66609077287094
0.40285462703336
0.63914571312948
0.05370066221773
0.13086065419378
0.49103049548243
0.26449849115593
0.03096114779662
0.78732768225972
0.18342398425349
0.34932801829292
0.64889319673864
0.36222697442025
0.68417977803105
0.46350688273473
0.12069693938682
0.90249435188646
0.75941650810686
0.71357514821284
0.77985289761769
0.60580826304666
0.98348242625061
0.29466157143917
0.92623136496283
0.57252092560464
0.70653654448034
0.50604895954931
0.38668680279461
0.93907139627255
0.40787921935605
0.27856375513603
0.61422032978478
0.00549698658122
0.30072561362635
0.29598276476231
0.63947918696026
0.51399665835879
0.91670109656344
0.96816816789647
0.55750442874103
0.91179383847246
0.80820990638593
0.83250866198768
0.36812914265877
0.44579707149256
0.28922058166534
0.34169038111596
0.74465065135137
0.99131289715331
0.02555097782757
0.17929476114416
0.27531509168067
0.49918728956221
0.01524708104669
0.15630795405673
0.54439819934741
0.34406385944733
0.87378378886599
0.55268940888392
0.10598123184308
0.69261944720878
0.87271484160534
0.12749127719036
0.85580713757956
0.88324927052833
0.94235853395276
0.38139317039181
0.76778332673343
0.96483485569159
0.73892657989447
0.53179654448285
0.11820726477182
0.79200890572892
0.31667631305988
0.05996080492079
0.27443864580766
0.02978621775131
0.46653235261546
0.56651062296508
0.86452015594580
0.87189366966728
0.73176495133345
0.84469036169405
0.48088601879691
0.21596487399767
0.89264415692824
0.90880165344757
0.21140648239413
0.53675261522324
0.30387761818615
0.15822625451228
0.87475694964079
0.71489132898136
0.04769702622872
0.94628682800348
0.37899614165488
0.77632662380589
0.01760388941483
0.71115270240209
0.80452505635867
0.76272487102216
0.71955067563238
0.54900739356626
0.72423152524317
0.44276672036777
0.99015997223081
0.80465248689589
0.58051639511457
0.02645580246119
0.60648054572792
0.09226839276046
0.94635695686094
0.47988790850118
0.39677122745195
0.90937574905420
0.51643730649197
0.59359732585931
0.49420962950812
0.11737511799037
0.67315502767720
0.16260768243975
0.35073799516948
0.30726694253122
0.78266127476067
0.25135397687191
0.82487943869178
0.28791545236292
0.60422444104646
0.27683684113441
0.79494572339826
0.55007215166274
0.99138732585833
0.26414366321878
0.63046436670747
0.72431421156747
0.92525838510928
0.68870476163557
0.65156268632353
0.86165812298864
0.89556475855096
0.66423366094822
0.73533500088349
0.45035543853956
0.83718449123638
0.59478980281085
0.54179010411547
0.77897948890268
0.87409991966020
0.99053780263506
0.96489612710185
0.87994264880587
0.14677600031013
0.11551769935432
0.87836072475050
0.05688826498775
0.43419332780942
0.50503111426353
0.88546654520858
0.97444874567753
0.48040480770644
0.41865095908760
0.85364090821949
0.23275907978992
0.56573777921173
0.74357357208219
0.42750262952979
0.85906469291137
0.68270773539225
0.56927211276386
0.85435810119623
0.95645590496235
0.52065894319824
0.37604131063772
0.77753424352281
0.37247702651909
0.25016001633725
0.34836049495879
0.85292066638321
0.97041233354094
0.47499478542858
0.36590774835706
0.56293791064642
0.02908089860207
0.75359305863216
0.58551882848102
0.28772233575646
0.81534264483955
0.31777342499076
0.65342432461972
0.61514568865049
0.82517711874856
0.77042219171379
0.43683353028436
0.42784419415551
0.44764747810325
0.56867304776419
0.95950376416685
0.20065018504251
0.04308075205579
0.57742099052200
0.12298235457701
0.12565855418632
0.81031894618782
0.59261541243039
0.87675317201409
0.73160681014901
0.62745155521573
0.68415996921127
0.13740871247440
0.52344090484102
0.64876122692613
0.57549356247379
0.18552149232775
0.49042007449791
0.18991591886254
0.39905327941472
0.97421570162549
0.61714364920890
0.99604286785632
0.53183924055225
0.41575174513683
0.29354991856911
0.09785901206532
0.79976125640133
0.32179847948615
0.78672039107185
0.67456010614880
0.66738053181709
0.41413496618055
0.79687419181379
0.90057934483925
0.62762338950556
0.12076136576397
0.43491052477920
0.61813549138152
0.70773697123191
0.12724965071508
0.46930025004115
0.99226210572650
0.26356272829369
0.72063169177761
0.95179220107708
0.11442217586402
0.47913371675254
0.90684986307110
0.69794700034026
0.90326023936908
0.89690654753116
0.97117212987081
0.16318157803401
0.41677954853491
0.90887074796353
0.42159691740893
0.18334112188430
0.42320438699833
0.13024312870438
0.20947497217241
0.51623944068397
0.92531846662294
0.03579554287516
0.34800522273521
0.70476047598443
0.85787318906104
0.57194892463744
0.73871661122201
0.71133197474096
0.15034783378253
0.11416312415795
0.14993721682941
0.86782676431879
0.31926586128570
0.56839235335775
0.89207012009911
0.67237742675919
0.01010912349462
0.54428826209375
0.29162548374225
0.64587316803149
0.14603209721335
0.52875570972799
0.42508556333147
0.72708300450657
0.99144443238614
0.75597513460355
0.52773936928288
0.81524248748421
0.05709994424896
0.37448462960813
0.93408432568666
0.21607122325747
0.60854972228056
0.41351747234696
0.46509452137798
0.53122878564220
0.30327218925403
0.84388955828219
0.45449280427248
0.53376796430932
0.54185410142630
0.25754435354512
0.52881740969907
0.52291164581580
0.28733480065727
0.16760461298756
0.38024263401886
0.64519800045197
0.65097612633203
0.13197578545440
0.39363820394916
0.19539924363928
0.87533102095574
0.44929817742985
0.44965956889737
0.91736329550549
0.35237123372191
0.83880982510843
0.34553543959605
0.47886095172091
0.63738665239126
0.94470421339523
0.22384859993163
0.04468417462235
0.16149805555876
0.03732593376817
0.42406005500014
0.74944830318544
0.02062231687196
0.00311994478954
0.59816935826087
0.89821793142306
0.76205765107363
0.87880128013984
0.85349734647285
0.46955993681890
0.77279631417701
0.06918739836145
0.49639687975046
0.31590116933522
0.47396306729988
0.69986045862638
0.55597945848243
0.10595786774302
0.22726243582972
0.33927822939837
0.26379478201634
0.72540967765299
0.90379325899933
0.70038161218409
0.07548992018454
0.51129145152905
0.94704222811698
0.62256472000951
0.32979553914072
0.30177270084912
0.23440371734560
0.03048245713397
0.73704640212780
0.41534662172100
0.87048584701153
0.70268377356728
0.79376424121207
0.00606682575422
0.15519483799137
0.97848559129402
0.79427608991851
0.62621006971220
0.58315873251306
0.41677186496461
0.45571905873207
0.70307333577044
0.28089107095331
0.07177777201868
0.95284071669437
0.54834042435975
0.08917858144412
0.09206908160377
0.82906514143494
0.63616437707057
0.34374935040116
0.92362594242535
0.38407203871401
0.49545271485657
0.21705016379430
0.66854150996712
0.93507503632199
0.14535797217969
0.07995292066014
0.00378028597990
0.42568406208026
0.07760931473057
0.19752853833188
0.15942888105038
0.15473483875920
0.98999495488178
0.86422129912630
0.93114537656244
0.07005006983108
0.85471848794782
0.68376474946972
0.53544296238063
0.91755134364231
0.23315468432268
0.49877551597818
0.57847782577838
0.46470434904264
0.50859300798595
0.12647120940934
0.63596868576188
0.34535546873913
0.88719010301530
0.72254310098900
0.54725233226561
0.85664840509202
0.01793686372836
0.56094693595241
1294896255
311724874
156747740
773137705
1930038028
631514240
951200607
585303106
689209472
1969744058
2070561912
666068989
1356433643
1462978429
934456485
371003109
1894537816
752562712
1400233622
1440372444
332674540
44369954
1720834547
884576604
58277745
648147323
99507136
437792041
1303259011
746162834
676350736
18555843
2104757427
832187601
466746640
1232943849
2031475044
1518391300
881995468
1204432218
1189400911
144099886
1798304756
1360220291
1809562394
1076299531
1490058131
1994934920
1283312732
2108444942
1349203318
1000245131
1721154403
723261707
327158287
1400570068
1293905070
1836000722
392137161
587592313
1144498335
538060267
1285756958
490228388
218882443
1047743739
56247221
1362326921
1078617053
1410168767
1124832088
1660364391
640454186
70264175
161618822
786741678
1000198317
1373288745
1620275403
432676367
1299094870
1282651267
142136050
446683199
1444509985
695107856
1862361682
901996876
295365993
252581894
469595597
889656312
553527738
1822734902
660518123
54128446
1875014398
1729025959
1683623236
96799850
1709074707
1073343722
766753345
1838306978
1194753203
263744324
775493154
262088250
93069052
57912130
2080176895
1097310747
859010843
357646710
983655045
232643829
952310556
997079463
1269034897
1382207969
139158432
796365829
1452645665
1544313646
136626515
1090146909
718198949
947381370
1666015528
1303610108
756203367
607737989
1579812269
125683379
2004606312
279164485
560421405
860243781
2035092126
538448710
1381164883
1560918451
546404706
1659335235
1128306427
1338457781
1129586225
1417617132
1425386520
2005990905
1974609207
1242005296
566994231
1472072161
1908091761
495722626
1991943381
164982065
2025471139
1515109875
1425320979
592308482
859748427
567169497
186266488
1612102117
774752904
974464178
50294704
1591602406
1634420413
353541495
698258809
481255869
136708263
1567401109
2020505365
1395089033
1381386373
332117459
504097154
1380107858
1250678436
20538143
480274147
1626672047
1029803019
434037382
1292152384
474501713
913885879
1874510191
1873102157
2057720020
883361886
1257014048
1377811516
1227351205
575039804
1865053904
1974609207
1242005296
566994231
1472072161
1908091761
495722626
1991943381
164982065
2025471139
1515109875
1425320979
592308482
859748427
567169497
186266488
1612102117
774752904
974464178
50294704
1591602406
1634420413
353541495
698258809
481255869
136708263
1567401109
2020505365
1395089033
1381386373
332117459
504097154
1380107858
1250678436
20538143
480274147
1626672047
1029803019
434037382
1292152384
474501713
913885879
1874510191
1873102157
2057720020
883361886
1257014048
1377811516
1227351205
575039804
1865053904
1351247504
1449991046
1217832341
1397552316
2008931809
460116997
594494193
1875461551
1927083130
1561348027
321601395
406694984
593167518
746534936
178997844
1353673852
1157508619
573225936
71255906
56828909
746659732
548646789
1875509000
1402874603
1332334612
109483188
1760743773
898079393
58044103
1785669350
57323606
395314357
1853336689
371088785
900107008
1896741480
1873102157
351414749
868812109
1911876
768739365
2040895254
1617489524
579910537
419754062
495789180
633942293
1025321189
437964119
897905379
