512 512 512
1024 1024 1024
1536 1536 1536
2048 2048 2048
2560 2560 2560
3072 3072 3072
3584 3584 3584
4096 4096 4096
4608 4608 4608
5120 5120 5120
5632 5632 5632
6144 6144 6144
6656 6656 6656
7168 7168 7168
7680 7680 7680
8192 8192 8192
8704 8704 8704
9216 9216 9216
9728 9728 9728
10240 10240 10240
10752 10752 10752
11264 11264 11264
11776 11776 11776
12288 12288 12288
12800 12800 12800
13312 13312 13312
13824 13824 13824
14336 14336 14336
14848 14848 14848
15360 15360 15360
15872 15872 15872
16384 16384 16384
16896 16896 16896
17408 17408 17408
17920 17920 17920
18432 18432 18432
18944 18944 18944
19456 19456 19456
19968 19968 19968
20480 20480 20480
20992 20992 20992
21504 21504 21504
22016 22016 22016
22528 22528 22528
23040 23040 23040
23552 23552 23552
24064 24064 24064
24576 24576 24576
25088 25088 25088
25600 25600 25600
26112 26112 26112
26624 26624 26624
27136 27136 27136
27648 27648 27648
28160 28160 28160
28672 28672 28672
29184 29184 29184
29696 29696 29696
30208 30208 30208
30720 30720 30720
31232 31232 31232
31744 31744 31744
32256 32256 32256
32768 32768 32768
33280 33280 33280
33792 33792 33792
34304 34304 34304
34816 34816 34816
35328 35328 35328
35840 35840 35840
36352 36352 36352
36864 36864 36864
37376 37376 37376
37888 37888 37888
38400 38400 38400
38912 38912 38912
39424 39424 39424
39936 39936 39936
40448 40448 40448
40960 40960 40960
41472 41472 41472
41984 41984 41984
42496 42496 42496
43008 43008 43008
43520 43520 43520
44032 44032 44032
44544 44544 44544
45056 45056 45056
45568 45568 45568
46080 46080 46080
46592 46592 46592
47104 47104 47104
47616 47616 47616
48128 48128 48128
48640 48640 48640
49152 49152 49152
49664 49664 49664
50176 50176 50176
50688 50688 50688
51200 51200 51200
51712 51712 51712
52224 52224 52224
52736 52736 52736
53248 53248 53248
53760 53760 53760
54272 54272 54272
54784 54784 54784
55296 55296 55296
55808 55808 55808
56320 56320 56320
56832 56832 56832
57344 57344 57344
57856 57856 57856
58368 58368 58368
58880 58880 58880
59392 59392 59392
59904 59904 59904
60416 60416 60416
60928 60928 60928
61440 61440 61440
61952 61952 61952
62464 62464 62464
62976 62976 62976
63488 63488 63488
64000 64000 64000
64512 64512 64512
65024 65024 65024
65535 65535 65535
