  0   0 2560
  0   0 5120
  0   0 7680
  0   0 10240
  0   0 12800
  0   0 15360
  0   0 17920
  0   0 20480
  0   0 23040
  0   0 25600
  0   0 28160
  0   0 30720
  0   0 33280
  0   0 35840
  0   0 38400
  0   0 40960
  0   0 43520
  0   0 46080
  0   0 48640
  0   0 51200
  0   0 53760
  0   0 56320
  0   0 58880
  0   0 61440
  0   0 64000
  0   0 65535
  0 2560 62976
  0 5120 60416
  0 7680 57856
  0 10240 55296
  0 12800 52736
  0 15360 50176
  0 17920 47616
  0 20480 45056
  0 23040 42496
  0 25600 39936
  0 28160 37376
  0 30720 34816
  0 33280 32256
  0 35840 29696
  0 38400 27136
  0 40960 24576
  0 43520 22016
  0 46080 19456
  0 48640 16896
  0 51200 14336
  0 53760 11776
  0 56320 9216
  0 58880 6656
  0 61440 4096
  0 64000 1536
  0 65535   0
2560 62976   0
5120 60416   0
7680 57856   0
10240 55296   0
12800 52736   0
15360 50176   0
17920 47616   0
20480 45056   0
23040 42496   0
25600 39936   0
28160 37376   0
30720 34816   0
33280 32256   0
35840 29696   0
38400 27136   0
40960 24576   0
43520 22016   0
46080 19456   0
48640 16896   0
51200 14336   0
53760 11776   0
56320 9216   0
58880 6656   0
61440 4096   0
64000 1536   0
65535   0   0
65535 2560   0
65535 5120   0
65535 7680   0
65535 10240   0
65535 12800   0
65535 15360   0
65535 17920   0
65535 20480   0
65535 23040   0
65535 25600   0
65535 28160   0
65535 30720   0
65535 33280   0
65535 35840   0
65535 38400   0
65535 40960   0
65535 43520   0
65535 46080   0
65535 48640   0
65535 51200   0
65535 53760   0
65535 56320   0
65535 58880   0
65535 61440   0
65535 64000   0
65535 65535   0
65535 65535 2560
65535 65535 5120
65535 65535 7680
65535 65535 10240
65535 65535 12800
65535 65535 15360
65535 65535 17920
65535 65535 20480
65535 65535 23040
65535 65535 25600
65535 65535 28160
65535 65535 30720
65535 65535 33280
65535 65535 35840
65535 65535 38400
65535 65535 40960
65535 65535 43520
65535 65535 46080
65535 65535 48640
65535 65535 51200
65535 65535 53760
65535 65535 56320
65535 65535 58880
65535 65535 61440
