0	0	0
2040	0	6290
4080	0	12580
6120	0	18870
8160	0	25160
10200	0	31450
12240	0	37740
10200	0	38165
8160	0	38590
6120	0	39015
4080	0	39440
2040	0	39865
0	0	40290
0	0	42415
0	0	44540
0	0	46665
0	0	48790
0	0	50915
0	0	53040
0	0	54443
0	0	55845
0	0	57248
0	0	58650
0	0	60053
0	0	61455
0	4165	61455
0	8330	61455
0	12495	61455
0	16660	61455
0	20825	61455
0	24990	61455
0	26435	59628
0	27880	57800
0	29325	55973
0	30770	54145
0	32215	52318
0	33660	50490
0	33703	48790
0	33745	47090
0	33788	45390
0	33830	43690
0	33873	41990
0	33915	40290
0	34978	39015
0	36040	37740
0	37103	36465
0	38165	35190
0	39228	33915
0	40290	32640
0	39865	27200
0	39440	21760
0	39015	16320
0	38590	10880
0	38165	5440
0	37740	0
0	39865	0
0	41990	0
0	44115	0
0	46240	0
0	48365	0
0	50490	0
0	51765	0
0	53040	0
0	54315	0
0	55590	0
0	56865	0
0	58140	0
5440	58565	0
10880	58990	0
16320	59415	0
21760	59840	0
27200	60265	0
32640	60690	0
35615	60818	0
38590	60945	0
41565	61073	0
44540	61200	0
47515	61328	0
50490	61455	0
52318	61455	0
54145	61455	0
55973	61455	0
57800	61455	0
59628	61455	0
61455	61455	0
61455	60053	0
61455	58650	0
61455	57248	0
61455	55845	0
61455	54443	0
61455	53040	0
61455	51765	0
61455	50490	0
61455	49215	0
61455	47940	0
61455	46665	0
61455	45390	0
61455	43860	0
61455	42330	0
61455	40800	0
61455	39270	0
61455	37740	0
61455	36210	0
61455	34340	0
61455	32470	0
61455	30600	0
61455	28730	0
61455	26860	0
61455	24990	0
61455	20825	0
61455	16660	0
61455	12495	0
61455	8330	0
61455	4165	0
61455	0	0
56334	0	0
51213	0	0
46091	0	0
40970	0	0
35849	0	0
30728	0	0
25606	0	0
20485	0	0
15364	0	0
10243	0	0
5121	0	0
2550	0	0
0	0	0
