1 2 3 4 5 6 
1 2 3 4 5 6 
1 2 3 4 5 6 
1 2 3 4 5 6 
1 2 3 4 5 6 
1 2 3 4 5 6 
 
 11 12 13 14 15 16 
 11 12 13 14 15 16 
 11 12 13 14 15 16 
 11 12 13 14 15 16 
 11 12 13 14 15 16 
 11 12 13 14 15 16 
 
 21 22 23 24 25 26 
 21 22 23 24 25 26 
 21 22 23 24 25 26 
 21 22 23 24 25 26 
 21 22 23 24 25 26 
 21 22 23 24 25 26 
 
 31 32 33 34 35 36 
 31 32 33 34 35 36 
 31 32 33 34 35 36 
 31 32 33 34 35 36 
 31 32 33 34 35 36 
 31 32 33 34 35 36 
 
 51 52 53 54 55 56 
 51 52 53 54 55 56 
 51 52 53 54 55 56 
 51 52 53 54 55 56 
 51 52 53 54 55 56 
 51 52 53 54 55 56 
 
 71 72 73 74 75 76 
 71 72 73 74 75 76 
 71 72 73 74 75 76 
 71 72 73 74 75 76 
 71 72 73 74 75 76 
 71 72 73 74 75 76 

 90
