0 -60.9946 
1 -69.6281 
2 -72.0147 
3 -71.5922 
4 -70.2701 
5 -68.6617 
6 -66.9846 
7 -65.2892 
8 -63.4981 
9 -61.2878 
10 -57.0322 
11 -16.6019 
12 -6.27603 
13 -53.1681 
14 -79.7055 
15 -79.3626 
16 -78.1225 
17 -76.5378 
18 -74.6865 
19 -72.6695 
20 -70.5951 
21 -68.5396 
22 -66.5081 
23 -64.3819 
24 -62.072 
25 -59.3606 
26 -50.4362 
27 18.7883 
28 -30.3888 
29 -76.6005 
30 -79.9547 
31 -79.0247 
32 -77.804 
33 -76.3956 
34 -74.8888 
35 -73.3749 
36 -71.9256 
37 -70.5828 
38 -69.3608 
39 -68.2569 
40 -67.5593 
41 -67.4746 
42 -67.7749 
43 -68.227 
44 -68.6359 
45 -68.901 
46 -69.0075 
47 -68.9835 
48 -68.8673 
49 -68.6918 
50 -68.4814 
51 -68.2532 
52 -68.0186 
53 -67.7854 
54 -67.559 
55 -67.3431 
56 -67.1403 
57 -66.9524 
58 -66.7804 
59 -66.6247 
60 -66.4846 
61 -66.3592 
62 -66.2466 
63 -66.1446 
64 -66.0505 
65 -65.9621 
66 -65.8771 
67 -65.7942 
68 -65.7127 
69 -65.6326 
70 -65.5549 
71 -65.4809 
72 -65.4122 
73 -65.3502 
74 -65.296 
75 -65.2499 
76 -65.2113 
77 -65.1787 
78 -65.1502 
79 -65.1234 
80 -65.0963 
81 -65.0673 
82 -65.036 
83 -65.0028 
84 -64.9691 
85 -64.937 
86 -64.9086 
87 -64.8857 
88 -64.8694 
89 -64.8595 
90 -64.8548 
91 -64.8529 
92 -64.8512 
93 -64.847 
94 -64.8383 
95 -64.8245 
96 -64.8063 
97 -64.7855 
98 -64.765 
99 -64.7479 
100 -64.7365 
101 -64.7323 
102 -64.7353 
103 -64.7437 
104 -64.7545 
105 -64.7639 
106 -64.7687 
107 -64.7665 
108 -64.7567 
109 -64.7406 
110 -64.721 
111 -64.7018 
112 -64.6869 
113 -64.6796 
114 -64.6816 
115 -64.6923 
116 -64.7092 
117 -64.728 
118 -64.7437 
119 -64.7521 
120 -64.7504 
121 -64.7386 
122 -64.7187 
123 -64.695 
124 -64.6727 
125 -64.657 
126 -64.6519 
127 -64.659 
128 -64.6772 
129 -64.7024 
130 -64.7285 
131 -64.7489 
132 -64.7584 
133 -64.7541 
134 -64.7365 
135 -64.7093 
136 -64.6785 
137 -64.651 
138 -64.6337 
139 -64.6312 
140 -64.6449 
141 -64.6724 
142 -64.7075 
143 -64.7417 
144 -64.7664 
145 -64.7752 
146 -64.7655 
147 -64.7389 
148 -64.7012 
149 -64.6607 
150 -64.6269 
151 -64.6081 
152 -64.6099 
153 -64.6331 
154 -64.6731 
155 -64.7209 
156 -64.7646 
157 -64.7932 
158 -64.7991 
159 -64.7805 
160 -64.7409 
161 -64.6891 
162 -64.6365 
163 -64.5953 
164 -64.5762 
165 -64.5852 
166 -64.6221 
167 -64.6794 
168 -64.7434 
169 -64.7982 
170 -64.8296 
171 -64.8295 
172 -64.7973 
173 -64.7399 
174 -64.6695 
175 -64.6019 
176 -64.5529 
177 -64.5353 
178 -64.5561 
179 -64.6128 
180 -64.6933 
181 -64.778 
182 -64.8452 
183 -64.8774 
184 -64.8664 
185 -64.8145 
186 -64.7327 
187 -64.6387 
188 -64.5529 
189 -64.4957 
190 -64.483 
191 -64.522 
192 -64.607 
193 -64.7189 
194 -64.8295 
195 -64.9096 
196 -64.9387 
197 -64.9099 
198 -64.8298 
199 -64.7157 
200 -64.5916 
201 -64.4841 
202 -64.4191 
203 -64.4163 
204 -64.4828 
205 -64.6079 
206 -64.7619 
207 -64.9041 
208 -64.9965 
209 -65.0161 
210 -64.9595 
211 -64.8403 
212 -64.6838 
213 -64.5218 
214 -64.3885 
215 -64.3167 
216 -64.3309 
217 -64.4385 
218 -64.6203 
219 -64.8303 
220 -65.0104 
221 -65.1122 
222 -65.1122 
223 -65.0143 
224 -64.8421 
225 -64.6307 
226 -64.421 
227 -64.2564 
228 -64.1788 
229 -64.2204 
230 -64.3885 
231 -64.6505 
232 -64.9353 
233 -65.1598 
234 -65.2645 
235 -65.2302 
236 -65.0732 
237 -64.8305 
238 -64.5484 
239 -64.2779 
240 -64.0733 
241 -63.9896 
242 -64.0716 
243 -64.3284 
244 -64.7058 
245 -65.0918 
246 -65.368 
247 -65.4651 
248 -65.3765 
249 -65.1378 
250 -64.8024 
251 -64.4286 
252 -64.0774 
253 -63.8158 
254 -63.7186 
255 -63.8541 
256 -64.2405 
257 -64.7898 
258 -65.3201 
259 -65.66 
260 -65.736 
261 -65.5677 
262 -65.219 
263 -64.7624 
264 -64.2665 
265 -63.7996 
266 -63.4416 
267 -63.2959 
268 -63.4803 
269 -64.0521 
270 -64.8787 
271 -65.6455 
272 -66.0865 
273 -66.134 
274 -65.8578 
275 -65.3637 
276 -64.7458 
277 -64.0781 
278 -63.4263 
279 -62.8692 
280 -62.5332 
281 -62.6282 
282 -63.3864 
283 -64.7312 
284 -66.0544 
285 -66.7924 
286 -66.872 
287 -66.4744 
288 -65.7887 
289 -64.9444 
290 -64.0159 
291 -63.0368 
292 -62.0074 
293 -60.8801 
294 -59.4623 
295 -56.777 
296 -40.5381 
297 2.43641 
298 -45.3281 
299 -79.1447 
300 -79.4549 
301 -78.27 
302 -76.7194 
303 -74.8926 
304 -72.8886 
305 -70.8171 
306 -68.7606 
307 -66.735 
308 -64.6428 
309 -62.2347 
310 -59.2743 
311 -48.6306 
312 16.2167 
313 -33.2782 
314 -77.742 
315 -79.9107 
316 -78.9539 
317 -77.7191 
318 -76.3027 
319 -74.7952 
320 -73.2876 
321 -71.85 
322 -70.5222 
323 -69.317 
324 -68.2308 
325 -67.5517 
326 -67.4847 
327 -67.7989 
328 -68.2579 
329 -68.6671 
330 -68.929 
331 -69.0315 
332 -69.0043 
333 -68.8859 
334 -68.7091 
335 -68.4982 
336 -68.2698 
337 -68.0353 
338 -67.8022 
339 -67.5757 
340 -67.3596 
341 -67.1562 
342 -66.9675 
343 -66.7945 
344 -66.6374 
345 -66.4959 
346 -66.369 
347 -66.255 
348 -66.1517 
349 -66.0567 
350 -65.9676 
351 -65.8823 
352 -65.7993 
353 -65.7178 
354 -65.6379 
355 -65.5603 
356 -65.4863 
357 -65.4174 
358 -65.355 
359 -65.3001 
360 -65.2532 
361 -65.2138 
362 -65.1805 
363 -65.1514 
364 -65.1244 
365 -65.0973 
366 -65.0686 
367 -65.0378 
368 -65.005 
369 -64.9717 
370 -64.9397 
371 -64.9111 
372 -64.8878 
373 -64.8708 
374 -64.8601 
375 -64.8547 
376 -64.8523 
377 -64.8504 
378 -64.8464 
379 -64.8382 
380 -64.8251 
381 -64.8076 
382 -64.7874 
383 -64.7672 
384 -64.7499 
385 -64.738 
386 -64.733 
387 -64.7351 
388 -64.7426 
389 -64.7528 
390 -64.7622 
391 -64.7674 
392 -64.7659 
393 -64.7571 
394 -64.742 
395 -64.7231 
396 -64.7042 
397 -64.6891 
398 -64.6811 
399 -64.682 
400 -64.6915 
401 -64.7073 
402 -64.7255 
403 -64.7412 
404 -64.7502 
405 -64.7497 
406 -64.7392 
407 -64.7206 
408 -64.6978 
409 -64.6757 
410 -64.6596 
411 -64.6534 
412 -64.6591 
413 -64.6757 
414 -64.6995 
415 -64.725 
416 -64.7456 
417 -64.7561 
418 -64.7535 
419 -64.7377 
420 -64.7122 
421 -64.6823 
422 -64.655 
423 -64.6369 
424 -64.6328 
425 -64.6445 
426 -64.6699 
427 -64.7034 
428 -64.737 
429 -64.7623 
430 -64.7727 
431 -64.7652 
432 -64.741 
433 -64.7053 
434 -64.6659 
435 -64.632 
436 -64.612 
437 -64.6114 
438 -64.6318 
439 -64.6692 
440 -64.7151 
441 -64.7584 
442 -64.7881 
443 -64.7964 
444 -64.7809 
445 -64.7445 
446 -64.695 
447 -64.6435 
448 -64.602 
449 -64.5808 
450 -64.5865 
451 -64.6195 
452 -64.6734 
453 -64.7354 
454 -64.7901 
455 -64.8235 
456 -64.8269 
457 -64.7989 
458 -64.7454 
459 -64.6779 
460 -64.6114 
461 -64.5613 
462 -64.5406 
463 -64.5566 
464 -64.6082 
465 -64.6845 
466 -64.767 
467 -64.8348 
468 -64.8702 
469 -64.8643 
470 -64.8179 
471 -64.7411 
472 -64.6503 
473 -64.5654 
474 -64.5062 
475 -64.4889 
476 -64.5213 
477 -64.5994 
478 -64.7061 
479 -64.8146 
480 -64.8965 
481 -64.9307 
482 -64.9089 
483 -64.836 
484 -64.728 
485 -64.6075 
486 -64.5005 
487 -64.4322 
488 -64.4225 
489 -64.4799 
490 -64.596 
491 -64.7437 
492 -64.8843 
493 -64.9804 
494 -65.0076 
495 -64.9605 
496 -64.8506 
497 -64.7014 
498 -64.5434 
499 -64.4098 
