0 -61.562 
1 -70.246 
2 -74.1993 
3 -75.7619 
4 -76.2732 
5 -76.2811 
6 -76.0288 
7 -75.6368 
8 -75.1714 
9 -74.6726 
10 -74.1655 
11 -73.6674 
12 -73.1898 
13 -72.7413 
14 -72.3282 
15 -71.9551 
16 -71.6257 
17 -64.8392 
18 -11.9884 
19 11.2692 
20 -33.4321 
21 -68.9663 
22 -72.9514 
23 -71.2912 
24 -69.5644 
25 -68.2589 
26 -67.4463 
27 -67.0932 
28 -67.1246 
29 -67.4454 
30 -67.9531 
31 -68.5519 
32 -68.4878 
33 -55.6605 
34 19.344 
35 -15.2747 
36 -54.4979 
37 -72.0337 
38 -71.2494 
39 -69.4759 
40 -68.0422 
41 -67.1197 
42 -66.6931 
43 -66.6893 
44 -67.0097 
45 -67.5438 
46 -68.1856 
47 -68.8495 
48 -69.4778 
49 -70.0385 
50 -70.5177 
51 -70.9129 
52 -71.2278 
53 -71.4693 
54 -71.6454 
55 -71.7646 
56 -71.8354 
57 -71.8656 
58 -71.863 
59 -71.8342 
60 -71.7858 
61 -71.7233 
62 -71.6517 
63 -71.5754 
64 -71.498 
65 -71.4226 
66 -71.3516 
67 -71.2868 
68 -71.2297 
69 -71.1809 
70 -71.1407 
71 -71.1092 
72 -71.0857 
73 -71.0696 
74 -71.0601 
75 -71.0561 
76 -71.0566 
77 -71.0604 
78 -71.0666 
79 -71.0744 
80 -71.0829 
81 -71.0915 
82 -71.0997 
83 -71.1072 
84 -71.1136 
85 -71.119 
86 -71.1233 
87 -71.1264 
88 -71.1284 
89 -71.1296 
90 -71.13 
91 -71.1298 
92 -71.1291 
93 -71.1281 
94 -71.1268 
95 -71.1255 
96 -71.1241 
97 -71.1229 
98 -71.1217 
99 -71.1207 
100 -71.1198 
101 -71.1191 
102 -71.1186 
103 -71.1183 
104 -71.118 
105 -71.1179 
106 -71.1179 
107 -71.118 
108 -71.1181 
109 -71.1183 
110 -71.1185 
111 -71.1186 
112 -71.1188 
113 -71.119 
114 -71.1191 
115 -71.1192 
116 -71.1193 
117 -71.1194 
118 -71.1195 
119 -71.1195 
120 -71.1195 
121 -71.1195 
122 -71.1195 
123 -71.1195 
124 -71.1194 
125 -71.1194 
126 -71.1194 
127 -71.1193 
128 -71.1193 
129 -71.1193 
130 -71.1193 
131 -71.1193 
132 -71.1193 
133 -71.1192 
134 -71.1192 
135 -71.1192 
136 -71.1192 
137 -71.1192 
138 -71.1192 
139 -71.1192 
140 -71.1192 
141 -71.1192 
142 -71.1193 
143 -71.1193 
144 -71.1193 
145 -71.1193 
146 -71.1193 
147 -71.1193 
148 -71.1193 
149 -71.1193 
150 -71.1193 
151 -71.1193 
152 -71.1193 
153 -71.1193 
154 -71.1193 
155 -71.1193 
156 -71.1193 
157 -71.1193 
158 -71.1193 
159 -71.1193 
160 -71.1193 
161 -71.1193 
162 -71.1193 
163 -71.1193 
164 -71.1193 
165 -71.1193 
166 -71.1193 
167 -71.1193 
168 -71.1193 
169 -71.1193 
170 -71.1193 
171 -71.1193 
172 -71.1193 
173 -71.1193 
174 -71.1193 
175 -71.1193 
176 -71.1193 
177 -71.1193 
178 -71.1193 
179 -71.1193 
180 -71.1193 
181 -71.1193 
182 -71.1193 
183 -71.1193 
184 -71.1193 
185 -71.1193 
186 -71.1193 
187 -71.1193 
188 -71.1193 
189 -71.1193 
190 -71.1193 
191 -71.1193 
192 -71.1193 
193 -71.1193 
194 -71.1193 
195 -71.1193 
196 -71.1193 
197 -71.1193 
198 -71.1193 
199 -71.1193 
200 -71.1193 
201 -71.1193 
202 -71.1193 
203 -71.1193 
204 -71.1193 
205 -71.1193 
206 -71.1193 
207 -71.1193 
208 -71.1193 
209 -71.1193 
210 -71.1193 
211 -71.1193 
212 -71.1193 
213 -71.1193 
214 -71.1193 
215 -71.1193 
216 -71.1193 
217 -71.1193 
218 -71.1193 
219 -71.1193 
220 -71.1193 
221 -71.1193 
222 -71.1193 
223 -71.1193 
224 -71.1193 
225 -71.1193 
226 -71.1193 
227 -71.1193 
228 -71.1193 
229 -71.1193 
230 -71.1193 
231 -71.1193 
232 -71.1193 
233 -71.1193 
234 -71.1193 
235 -71.1193 
236 -71.1193 
237 -71.1193 
238 -71.1193 
239 -71.1193 
240 -71.1193 
241 -71.1193 
242 -71.1193 
243 -71.1193 
244 -71.1193 
245 -71.1193 
246 -71.1193 
247 -71.1193 
248 -71.1193 
249 -71.1193 
250 -71.1193 
251 -71.1193 
252 -71.1193 
253 -71.1193 
254 -71.1193 
255 -71.1193 
256 -71.1193 
257 -71.1193 
258 -71.1193 
259 -71.1193 
260 -71.1193 
261 -71.1193 
262 -71.1193 
263 -71.1193 
264 -71.1193 
265 -71.1193 
266 -71.1193 
267 -71.1193 
268 -71.1193 
269 -71.1193 
270 -71.1193 
271 -71.1193 
272 -71.1193 
273 -71.1193 
274 -71.1193 
275 -71.1193 
276 -71.1193 
277 -71.1193 
278 -71.1193 
279 -71.1193 
280 -71.1193 
281 -71.1193 
282 -71.1193 
283 -71.1193 
284 -71.1193 
285 -71.1193 
286 -71.1193 
287 -71.1193 
288 -71.1193 
289 -71.1193 
290 -71.1193 
291 -71.1193 
292 -71.1193 
293 -71.1193 
294 -71.1193 
295 -71.1193 
296 -71.1193 
297 -71.1193 
298 -71.1193 
299 -71.1193 
300 -71.1193 
301 -71.1193 
302 -68.6901 
303 -46.6991 
304 24.5755 
305 -21.6679 
306 -60.392 
307 -73.1122 
308 -71.8468 
309 -70.0453 
310 -68.5975 
311 -67.6377 
312 -67.1535 
313 -67.079 
314 -67.3239 
315 -67.7865 
316 -68.3672 
317 -68.3086 
318 -55.5913 
319 18.6952 
320 -15.4987 
321 -54.657 
322 -72.0006 
323 -71.2028 
324 -69.4308 
325 -68.0023 
326 -67.0866 
327 -66.6674 
328 -66.6708 
329 -66.9976 
330 -67.5369 
331 -68.1824 
332 -68.8486 
333 -69.4782 
334 -70.0395 
335 -70.5189 
336 -70.9141 
337 -71.2289 
338 -71.4703 
339 -71.6462 
340 -71.7653 
341 -71.8359 
342 -71.8661 
343 -71.8633 
344 -71.8346 
345 -71.7861 
346 -71.7235 
347 -71.6519 
348 -71.5755 
349 -71.4981 
350 -71.4227 
351 -71.3517 
352 -71.2869 
353 -71.2298 
354 -71.1809 
355 -71.1408 
356 -71.1092 
357 -71.0857 
358 -71.0697 
359 -71.0601 
360 -71.0561 
361 -71.0566 
362 -71.0604 
363 -71.0666 
364 -71.0744 
365 -71.0829 
366 -71.0915 
367 -71.0997 
368 -71.1072 
369 -71.1136 
370 -71.119 
371 -71.1233 
372 -71.1264 
373 -71.1285 
374 -71.1296 
375 -71.13 
376 -71.1298 
377 -71.1291 
378 -71.1281 
379 -71.1268 
380 -71.1255 
381 -71.1242 
382 -71.1229 
383 -71.1217 
384 -71.1207 
385 -71.1198 
386 -71.1191 
387 -71.1186 
388 -71.1183 
389 -71.118 
390 -71.1179 
391 -71.1179 
392 -71.118 
393 -71.1181 
394 -71.1183 
395 -71.1185 
396 -71.1186 
397 -71.1188 
398 -71.119 
399 -71.1191 
400 -71.1192 
401 -71.1193 
402 -71.1194 
403 -71.1195 
404 -71.1195 
405 -71.1195 
406 -71.1195 
407 -71.1195 
408 -71.1195 
409 -71.1194 
410 -71.1194 
411 -71.1194 
412 -71.1193 
413 -71.1193 
414 -71.1193 
415 -71.1193 
416 -71.1193 
417 -71.1193 
418 -71.1192 
419 -71.1192 
420 -71.1192 
421 -71.1192 
422 -71.1192 
423 -71.1192 
424 -71.1192 
425 -71.1192 
426 -71.1192 
427 -71.1193 
428 -71.1193 
429 -71.1193 
430 -71.1193 
431 -71.1193 
432 -71.1193 
433 -71.1193 
434 -71.1193 
435 -71.1193 
436 -71.1193 
437 -71.1193 
438 -71.1193 
439 -71.1193 
440 -71.1193 
441 -71.1193 
442 -71.1193 
443 -71.1193 
444 -71.1193 
445 -71.1193 
446 -71.1193 
447 -71.1193 
448 -71.1193 
449 -71.1193 
450 -71.1193 
451 -71.1193 
452 -71.1193 
453 -71.1193 
454 -71.1193 
455 -71.1193 
456 -71.1193 
457 -71.1193 
458 -71.1193 
459 -71.1193 
460 -71.1193 
461 -71.1193 
462 -71.1193 
463 -71.1193 
464 -71.1193 
465 -71.1193 
466 -71.1193 
467 -71.1193 
468 -71.1193 
469 -71.1193 
470 -71.1193 
471 -71.1193 
472 -71.1193 
473 -71.1193 
474 -71.1193 
475 -71.1193 
476 -71.1193 
477 -71.1193 
478 -71.1193 
479 -71.1193 
480 -71.1193 
481 -71.1193 
482 -71.1193 
483 -71.1193 
484 -71.1193 
485 -71.1193 
486 -71.1193 
487 -71.1193 
488 -71.1193 
489 -71.1193 
490 -71.1193 
491 -71.1193 
492 -71.1193 
493 -71.1193 
494 -71.1193 
495 -71.1193 
496 -71.1193 
497 -71.1193 
498 -71.1193 
499 -71.1193 
